18 0 0 0 0 0 0 0 0 0 0 0 
8 0 0 1 3 3 0 0 0 0 0 0 
30 4 9 5 6 3 0 0 0 0 0 0 
33 10 9 5 4 1 4 0 0 0 0 0 
72 39 23 23 17 7 4 4 2 1 2 4 
160 70 47 56 35 17 17 14 6 4 2 35 
303 210 153 164 134 49 52 46 36 32 22 150 
743 514 366 479 369 207 184 152 139 87 73 511 
1370 1238 924 1112 959 574 591 384 364 289 258 1692 
2249 2378 1930 2274 1849 1224 1346 987 749 565 558 4309 
3235 3794 3146 3649 3225 2242 2526 1867 1346 1109 1041 9263 
167051 251983 254319 286065 268468 222978 246480 200259 150806 155306 156519 1825858 
