132 0 0 0 0 0 0 0 0 0 0 0 
1106 253 77 172 149 211 62 40 7 7 0 0 
9644 3173 890 1487 1492 1982 916 677 376 192 19 6 
35620 21788 8914 12582 13419 17892 7839 5161 4003 2167 297 172 
110371 86939 42859 53780 70465 87497 42730 29079 28867 14919 3029 1861 
175199 185787 135131 157762 202142 262011 145428 103112 126108 75782 19968 12480 
178280 244757 222008 254012 328456 430525 307466 227465 280864 197402 69577 57680 
116915 191217 193554 232529 273705 385337 353408 281472 361920 306177 135188 139306 
64595 107804 103343 134493 151619 217966 239208 205394 273442 260757 131654 177111 
27850 50481 44728 60051 71037 104080 125037 117072 154815 152466 72909 121056 
9141 21826 19309 23055 28304 39447 50519 52005 67247 65348 33237 57328 
2701 8809 6738 7523 10967 14519 19742 23282 26131 29707 18731 38666 
