14178 
6470 
23785 
23429 42684 25561 21485 
27993 
11096 
29290 24924 
18656 
32313 
952 
25783 25782 25789 
39877 
14378 
41944 
38142 
27764 
18963 
30069 31506 
7407 
31518 
11561 
34494 34491 
19548 
18457 
11850 11846 
28883 
18931 
35866 
5851 
21129 
13153 
15540 
21041 
30975 
37760 40747 
32149 32148 32145 
42297 
29698 29697 29696 24895 24896 
31412 
15884 
31959 
14518 14509 
5951 28568 
13204 
7595 
16770 
38170 
258 
12716 12717 
3997 
2141 
31774 
10612 
35184 
17452 
36867 
16073 
2956 
29554 
31868 
7384 2086 
14985 
8980 
21726 
36268 
18298 18295 
27295 
41462 
17374 
35585 
6375 
711 
35634 
37975 
13414 
6816 4694 6817 
32275 
13541 
34693 
38136 
42566 
37241 
11651 
3312 
25591 
42069 
28029 28043 41911 
14183 
4396 
19352 
4489 157 
29921 29924 33635 
19363 
12021 
2578 
515 
12894 
5329 
28214 
42032 
