14178 14180 
6470 
23785 16856 22958 10498 
23429 22643 12983 42684 42679 42685 23430 38517 30479 21484 30482 20653 23431 25561 21485 30478 30485 
27993 
11096 
29290 24925 24923 5529 24924 38394 38236 
18656 
32313 40987 33797 
952 5431 4796 18042 18894 590 37378 37376 18898 1839 
25783 16228 5272 25782 8180 8552 25788 25781 40386 25789 42417 35101 35102 12869 20908 21668 25785 30501 
39877 
14378 13630 14379 14380 
41944 41941 
38142 
27764 
18963 
30069 34341 31449 30064 31506 30062 31504 30067 30063 30068 31505 30264 30070 31453 
7407 7807 
31518 25380 31516 
11561 
34494 34491 
19548 
18457 18415 
11850 15900 11846 11847 
28883 28882 28881 
18931 18876 
35866 
5851 3138 5868 299 5966 5869 2923 5927 
21129 38705 1451 19244 33769 638 497 498 69 33771 38704 33770 21127 21128 558 33251 33250 
13153 13147 13154 
15540 11334 
21041 21036 
30975 29227 30974 32810 
37760 40747 
32149 32134 32148 32145 32133 
42297 42294 
29698 40329 40331 10346 21654 29702 29703 21655 12111 29697 29696 24895 24896 
31412 32088 27332 
15884 28887 23442 
31959 
14518 14504 14509 14519 
5951 28568 
13204 13205 
7595 
16770 
38170 38162 
258 3177 
12716 12717 
3997 
2141 
31774 
10612 10611 
35184 
17452 12835 16895 17492 16794 17100 17495 19876 16792 17102 17457 
36867 36863 
16073 
2956 186 29774 3791 2978 5888 7370 2977 8331 35524 
29554 29821 
31868 
7384 2086 23270 6741 
14985 14981 
8980 
21726 
36268 36685 34883 36269 
18298 18295 18296 18968 
27295 
41462 
17374 17425 11252 17399 17340 7674 17346 17419 17648 17347 17330 17392 17429 
35585 20619 20546 28534 35605 35600 35595 35594 35586 35597 3849 
6375 6373 6372 1677 
711 
35634 3959 
37975 37978 37974 
13414 13405 
6816 4694 6817 
32275 
13541 13542 
34693 
38136 38135 
42566 
37241 37242 
11651 11667 
3312 
25591 8885 
42069 15298 10021 18690 10994 31838 17930 29129 42068 33252 1493 17961 27681 35593 35229 14573 27268 6856 19471 
28029 13441 38517 28043 28028 23434 25562 23437 41911 
14183 14182 14181 
4396 4395 
19352 
4489 157 
29921 29891 29924 33635 29971 
19363 19364 
12021 37958 12019 12013 15034 
2578 3859 4793 953 35605 35599 9897 1656 35584 1653 35582 4583 4585 3856 9899 806 
515 3177 
12894 
5329 7909 14786 
28214 
42032 
