74150 68957 84937 68389 95365 95323 65500 69087 77352 76603 93028 71012 76438 63687 61400 60007 69857 75743 60104 94273 74285 88498 85525 67164 76084 82416 61705 63084 68275 66505 86138 
57697 
513 30228 
54444 35453 19621 35279 26632 4183 48746 46561 51535 16829 43810 18214 
75097 90507 67574 88306 81574 86835 90402 92556 68209 85444 74591 92496 
10982 22362 18206 30371 44995 18936 53889 44478 17105 4375 54601 27084 6522 53864 5507 37524 27837 45173 5053 53985 31211 45266 11506 25964 33799 5365 50075 
20852 38480 41202 43016 31722 36017 51162 34579 18488 13266 12684 50182 16717 45761 4103 10759 
95126 58900 81671 58826 89192 69927 70466 68850 83005 60040 81033 89082 74171 94175 95707 62598 67183 71884 84888 71800 65039 58040 61235 61483 93742 62099 82820 63006 58343 94739 95133 91971 69367 95474 69538 87253 92717 90755 83069 57882 61032 68548 87786 85633 83312 69628 80030 78044 79085 85114 90580 79800 82989 73453 71494 95646 90502 79203 65462 92213 72465 87541 60720 76480 67553 69131 64398 80349 77464 79252 84111 88516 84854 73477 58586 82660 78409 66744 67770 85022 59400 79958 68031 66892 84108 66296 90214 87467 89605 69892 85285 93682 94290 72995 85783 94538 85203 80833 36994 26492 
24448 47836 20007 8038 52532 39033 22066 29618 33520 19299 38918 27380 26151 41693 36529 5479 43088 42703 51679 20475 44812 33793 53651 13897 25052 40537 21893 6731 41301 34816 26095 4763 55982 23769 5121 34909 33313 28667 9783 22581 52524 
51981 14203 96750 4783 19774 27899 11264 17075 50435 41284 22313 15650 4012 19351 20165 99272 19778 8327 53569 
68905 92305 57910 87133 77401 94048 75750 77737 94249 78190 82542 75862 68959 76551 68566 86746 67942 58138 83537 65729 76323 93703 75005 78664 
40363 26481 30408 29178 53867 35606 52298 39620 8074 34740 32193 18643 34876 25552 53439 10595 12020 10008 43476 24660 50903 12384 46804 9913 14478 47773 
24534 21658 3365 1552 21488 5884 36947 47480 8945 33500 31056 20529 10316 12541 8442 47078 
98333 17579 2961 2618 95988 97466 32337 
50480 54466 37414 39210 34910 36137 6715 53744 32754 
17382 8241 25472 16241 33821 43016 11042 18664 6736 52624 24518 11874 13304 53616 44154 49527 51685 35937 5023 23781 45932 4103 12306 
4887 35316 78574 34314 48258 19223 14145 52660 7748 34752 
79385 60390 71829 64181 74315 79073 63296 63709 62278 95520 63059 80704 86713 73062 77127 78993 72813 62479 92004 92096 74783 68495 91407 81404 60190 75368 58113 92873 58492 62259 71913 95072 92666 62018 63844 60472 
45049 21137 17474 32762 33708 16718 21776 9430 26288 8398 31844 5711 10730 20898 25106 55028 48010 36992 22340 54380 
7391 33058 47775 32385 99047 26595 38529 50030 36007 
57497 806 
61421 83717 70413 80524 90931 74054 81456 59115 94792 58455 93111 69262 79428 63530 57757 62161 90231 81471 88875 89070 92392 61107 82031 87533 84372 
10159 6056 13423 6126 53240 11946 36847 47153 15252 43363 55343 26646 39247 41684 40961 51899 46985 23803 6137 33619 12331 6530 49946 41255 55820 41428 46109 
16143 39526 26614 13543 20452 30718 46686 25273 30049 37979 32439 25911 41339 49808 36673 12990 25688 
59535 57789 58267 72671 81769 75737 77172 68032 83319 71220 80922 90099 77411 65358 80009 82950 59903 69665 87569 89236 93009 83476 63465 62361 
84643 59631 59449 59414 85034 64192 88557 78945 73140 82158 90490 79202 60662 72386 58954 87272 75537 91180 73233 66203 81543 80893 60728 64549 87608 92396 72633 87327 68564 79875 82132 59798 84529 68102 81750 81852 85517 91720 83948 63613 73123 77256 82717 61710 89450 86101 86228 47378 69173 63209 91933 69918 67559 58283 92351 88238 85669 81506 71247 73997 95129 
72951 68355 68848 78569 93294 65289 77838 89597 93990 84907 64920 95755 85604 68549 63509 72654 83957 81529 89843 79536 68955 
88292 75586 68474 94548 79797 88027 58758 63854 69516 82817 84113 94023 68111 85152 59763 60262 72523 74378 59015 69419 75624 73941 73075 78568 76306 78616 75598 86128 60977 93606 73179 61856 65782 67629 81319 71837 69741 89720 26380 81766 75970 81785 83283 
1640 98606 
67416 63273 83556 71189 78651 
3267 
17023 33477 13592 7296 32116 55331 21654 19838 29938 
41441 5749 23345 50847 43529 27137 20988 27288 53144 92418 70895 87219 94319 
50109 50316 71187 85701 82184 71623 90495 80334 62424 61546 79839 93948 58091 41158 45752 52963 31674 36396 32938 23687 
70181 68388 90080 63124 74477 61883 94374 91744 65855 60758 58238 81231 83371 65303 93073 61680 59138 83912 84037 58371 92712 82964 87100 88070 94996 89244 85209 84169 79039 71577 59166 78125 70841 
25494 22261 80254 26419 40406 8773 32988 
80779 58724 84250 85661 92263 86992 92338 90447 90237 67652 62927 67758 80743 82351 66052 65297 74227 
23686 56071 37116 11314 45171 6933 13917 9637 37199 13973 47036 32140 43047 6913 14473 51423 27897 10218 26975 
40950 85864 41227 31121 46935 7660 31109 24628 8297 51818 72358 43013 12943 30237 7671 5226 80057 
39729 52302 13829 20833 53708 20104 44782 36880 34059 38792 12755 43574 55354 32965 30890 41165 8591 26680 52137 34490 34047 51266 7257 47780 14609 37901 42117 35692 44814 15686 5411 42333 
64860 93268 80614 72998 88766 68691 58679 88802 63496 71155 91753 84292 78961 60629 70793 90485 
81472 60068 66552 74568 59090 91250 86898 92587 71612 73608 70801 91741 67746 61917 76449 90265 70733 67702 61902 69923 77583 61313 84251 84957 93224 83358 90618 67893 66520 84617 64715 60591 92288 68557 74138 64754 
32399 23641 49171 52942 35034 42920 42740 13845 22486 54759 7955 32563 34930 7431 52657 29793 32508 43964 8317 52445 36553 60303 35198 30983 32569 21736 40494 40551 45350 64819 27403 38321 19289 43665 72927 72904 71849 
61047 87424 78320 60485 79154 91258 89192 58212 80145 95457 71825 59925 91987 70234 60754 59784 91604 83638 88124 77238 88972 69906 83763 70236 70758 87190 79863 68637 89239 80357 62577 61008 63823 90249 59981 60438 66394 91017 87477 80865 60978 77957 94220 75837 91365 70811 93547 69137 62997 82197 70675 84983 80685 11475 14904 58737 61685 92868 69309 86916 89417 65989 62792 
44738 48210 50200 53230 27757 34578 54015 77709 74999 65150 78970 72110 
50766 53631 25983 29197 25833 22248 9976 11722 15441 10745 12082 11769 40971 35235 23502 53956 17431 55742 32279 33090 18269 44938 20312 40794 30730 51240 36634 21184 27140 27706 39974 15935 46531 41327 10821 32170 45958 8698 
87735 76944 85018 77759 93553 62995 95463 73861 68052 92559 84491 80251 63911 80681 95194 60741 94089 79625 60288 91601 79871 75134 88376 90628 93097 66960 74804 61017 58783 85511 84464 
69771 94192 63408 83922 79126 77219 
99615 96111 
82740 75601 92461 91907 66238 83271 59288 66698 81181 79234 86808 77638 71873 93946 65374 87692 83851 76636 
14989 45595 6744 30444 5680 19441 27753 19484 41495 8087 20240 12364 14181 51448 8404 44247 5761 14928 11071 41450 25981 53099 18560 
96600 
40442 68414 41509 
78530 84535 88954 85419 60402 64727 69854 68958 85095 81921 63251 75266 74179 75017 61719 63214 92750 74304 58564 80912 60260 74149 70750 95775 70633 81877 94105 84480 80613 59621 62091 79760 58035 77508 83302 73909 81885 91656 78765 58909 75721 67785 90419 27543 80026 72699 91673 78174 69998 62339 72625 85818 72797 81767 38258 71814 58059 91244 78073 86716 88341 95688 86876 58271 61111 94721 79406 81846 82495 70476 86444 85468 72715 89482 58875 84270 82110 76321 62164 80372 74365 71496 81099 67435 
94912 83650 59153 91517 79125 74657 78563 82550 59368 59627 70093 74081 83433 61417 66669 68519 89770 94507 72450 73275 59927 91455 81391 84186 69240 80744 
47757 12939 29835 14102 32625 36343 26049 50300 34170 33069 24015 35827 4906 46877 9395 20249 34358 63989 71914 85195 34277 13765 50642 29757 37810 75506 93982 17662 84141 12676 19136 11528 10436 30206 38428 39231 49517 10151 9444 42148 11669 6042 45405 17779 
22839 49715 45107 53307 16287 49064 23904 49489 52415 44221 38397 84527 
89173 62254 66552 82337 77851 66303 61769 85487 72835 91050 61475 74942 76915 90704 87646 79619 87784 62872 86064 83482 85807 59090 70236 82357 90265 79616 63244 69469 86627 27882 87144 89289 81835 14055 
84016 75989 91821 76745 82328 92512 93403 72288 81083 83672 93785 59707 62514 84744 58505 63169 94213 82061 62252 64886 87263 76554 68580 92690 84946 90585 75128 59442 76879 
50551 29134 20695 20072 49865 23515 31144 53810 45002 13874 48617 29898 51324 40506 53563 16806 13587 45798 
81800 71156 71391 80993 66529 64021 74921 75369 90495 86782 68917 71207 90599 82110 62164 80643 93285 88175 83927 79732 63118 88172 62187 58225 75805 26093 89235 76229 84806 79089 23500 4136 
50113 27342 54726 45416 45143 35045 33911 
94244 60553 73993 79254 79098 72545 62167 72371 74053 78501 94933 61860 77086 82489 82707 60795 67409 57716 94219 81877 79934 90080 63124 80210 78765 76030 77534 90206 90419 71834 23947 82271 40495 70337 66840 92127 61883 81125 64371 67885 86385 70378 58499 60758 95073 86640 82357 82448 80150 74649 10758 68812 67232 26548 65597 86963 84092 82190 66517 68203 60364 75812 89244 91743 72947 72700 63859 79222 81350 95809 90358 65424 85522 73634 91684 63093 62360 86686 66296 63120 87467 81358 57761 
13155 12152 46008 31359 29979 90252 61892 36751 38197 25005 25662 35808 28677 
48638 51141 8616 20942 11961 38589 29086 47762 37185 47443 17944 40271 9600 51114 48806 38174 71043 
31001 23603 5321 7451 27547 29199 54209 43987 18987 46248 28705 
62785 30805 14102 40400 87289 83820 62794 93368 87953 90471 78055 63199 62004 93342 84139 64889 60065 77654 91284 94862 28395 74670 65441 81596 75044 58114 85010 92450 74396 86323 73402 84148 41808 63638 65824 88913 81150 65944 66738 83461 89498 92236 84325 87503 68499 92751 62977 69393 64625 61375 90027 69214 71840 59052 72896 95321 86426 95047 94416 84413 64989 95141 85743 42425 41880 65862 81916 89265 69438 81055 79167 68145 60266 77283 81420 62466 
99479 
29503 38658 42869 20664 24280 18736 41434 27217 29967 10007 21281 18329 4834 5302 
27494 89764 60687 58068 78912 80565 38375 95188 85191 77413 82879 11820 15809 4450 4178 2519 
63609 72777 88084 72237 76314 75789 77487 63724 63781 69360 80707 65223 71844 70813 85565 94260 88377 85058 71373 67239 69551 58099 59806 91680 71669 67281 69431 81049 58048 90387 79904 89201 83615 62177 87254 69440 94601 76096 86744 69695 79560 87949 79518 68331 88480 59003 86617 74912 69239 69675 91020 81427 71103 85910 79279 76210 68256 90919 92103 71949 90479 62559 27077 43722 
87943 72934 65622 62794 58535 61206 81675 87096 60056 92566 65736 71239 93433 91281 87354 91811 85705 79083 89985 90305 82133 64133 57774 82459 91077 62412 77001 95526 61828 73494 80376 63676 83089 70420 54423 39117 93556 92502 88672 74396 29951 14729 21109 19058 80767 64590 93269 64076 89858 63762 68018 88928 91421 92107 62764 77445 86426 78435 93617 95518 57837 83380 86993 65064 90487 85614 87882 74697 74055 92594 89215 77268 78572 
58629 22944 13081 59996 94841 83712 65120 84070 91951 82187 80117 72874 62896 
61530 91670 92106 84005 62437 71429 87690 60508 72797 72838 89805 90717 60758 71004 83361 65028 72354 88789 81483 81074 72691 92472 75968 84423 60536 85615 74378 63451 61564 82395 75380 84364 77942 65351 71088 85497 63476 64961 94972 59406 89407 68156 91512 69334 79392 79868 67739 66799 91812 67837 64105 81468 78766 58087 85482 91660 95455 70239 90619 65352 79608 65616 91002 59295 75970 70999 81539 69776 
72243 76016 84906 59921 88951 85969 32221 74195 17144 29885 91150 62074 88546 67771 35614 
95264 85794 94788 87888 89636 73088 94927 60747 89020 60239 86347 76395 64853 72915 92173 69898 71231 73078 78889 86987 72031 75606 70913 90141 83117 64574 87271 70419 76403 77764 91493 61374 61641 60073 
66361 91990 74216 95182 73870 79289 58908 74638 61654 74674 85293 92645 68253 80550 87086 62536 59230 58051 62224 80780 85582 85439 61294 82294 85758 77872 53726 20055 
59884 71164 88335 61120 94142 70977 93751 87823 73266 89712 68025 72938 58423 79278 75078 60632 93372 93532 81004 87929 94184 84388 75893 70164 67559 69785 76832 84345 94240 90139 57900 65857 94067 59719 84793 81134 93037 67815 93114 63951 95151 81817 93082 59989 94039 72443 77735 
8385 33554 37107 43531 15409 71512 
98743 
9522 32617 16947 53527 15542 50554 10946 36226 
35327 87924 59188 67937 29094 49873 23830 15242 38172 47551 26997 44981 18708 43798 43452 41185 55224 15287 49399 72334 76641 
46491 18275 39877 5118 4272 25556 41556 26681 79442 59900 67014 82391 53017 45212 97233 
57152 
30629 19736 14685 11794 53456 18721 9153 80601 38659 30786 5282 12147 29336 23930 9439 75351 
69612 52360 93094 58882 61020 81199 91415 62206 68414 81732 79116 87235 80925 84890 76160 83993 68290 58696 68109 30209 71168 86355 89896 91060 82957 68211 79288 
31442 6163 36496 32729 36903 41017 55812 53621 48676 40677 28109 39485 45374 26774 29883 
55976 5068 46646 54906 31906 20670 38734 20357 11675 39562 10779 49467 21441 20610 48428 30952 11161 48170 38122 
81958 57789 94756 82762 82012 94509 75060 74410 79835 71021 68032 79431 62192 85526 82210 91287 63780 90017 79814 75600 61275 92499 84011 91713 88991 74587 93957 
68206 85407 65433 95300 79666 83634 58715 92485 76781 88314 81626 85473 82307 77956 69488 58603 68134 
54327 39351 52967 20252 37724 35449 39539 51944 41278 49682 42013 41344 49802 54269 7017 6901 33542 40346 37157 53848 2404 49198 25612 36106 31912 
15839 29745 11335 8720 5870 7418 32936 9190 51382 6759 46362 27495 18839 30479 32688 45848 23491 52467 5999 44069 7608 21259 18881 33331 31371 27505 19220 5115 9724 19455 39447 42027 14447 53921 23511 
39021 26784 38956 4417 20346 18255 45252 36063 26781 27865 26648 30356 5474 31353 32850 17552 44058 54575 28860 50996 19017 16279 9589 40930 51923 47729 
58803 89449 68063 73746 82929 73284 74574 86028 92286 
50624 5268 30884 38357 39305 44997 19510 4454 5797 8656 46876 33816 25036 4560 46534 55554 35463 14893 49590 34742 5391 16675 12063 27679 5500 45642 14072 8128 47901 34007 5498 38997 16138 
26064 69855 91166 59826 92021 14111 43198 66705 92144 18868 5920 52759 
2804 6777 50711 16018 12720 
10954 38546 6967 8117 36159 47910 33595 26006 17893 11102 45733 17563 
3698 96258 1940 2945 
43227 36796 7853 47953 16447 28693 32690 20103 
