15538 
19809 
17247 
6400 
7611 
689 
14825 
15376 
18280 
17544 
21199 
13601 
29093 
16966 
25374 
19852 
14659 
9060 
20925 
3526 
12141 
12389 
19182 
18563 
11853 
23576 
3286 
15115 
357 
7693 
21313 
21358 
25914 
12253 
30011 
25126 
23504 
30947 
24492 
12880 
15521 
20609 
23109 
4023 
29891 
26329 
19735 
19660 
30618 
27964 
12863 
5224 
6343 
12407 
2582 
8788 
1358 
23827 
26004 
24728 
1282 
6773 
11881 
20658 
22355 
12100 
14446 
17065 
12922 
15063 
17651 
26230 
25357 
15106 
845 
1355 
27235 
21773 
26759 
3488 
8806 
3100 
19686 
11123 
3055 
10086 
13738 
15503 
404 
16893 
8282 
28637 
24311 
9283 
19337 
21763 
23558 
7796 
11992 
7705 
