74150 
57697 
513 
54444 
75097 
10982 
20852 
95126 62099 90755 61032 76480 85783 
24448 34909 
51981 27899 50435 4012 53569 
68905 76551 
40363 
24534 
98333 2961 97466 32337 
50480 
17382 
4887 
79385 58492 
45049 
7391 
57497 
61421 
10159 
16143 
59535 
84643 81543 72633 81750 
72951 93294 89597 
88292 75598 
1640 
67416 
3267 
17023 
41441 
50109 
70181 83912 71577 
25494 
80779 58724 92263 74227 
23686 
40950 46935 
39729 
64860 88766 84292 
81472 91250 
32399 34930 
61047 
44738 
50766 35235 
87735 68052 
69771 
99615 
82740 75601 79234 76636 
14989 
96600 
40442 
78530 
94912 61417 
47757 30206 38428 6042 
22839 
89173 87784 70236 90265 
84016 68580 75128 
50551 
81800 71156 
50113 
94244 70337 66840 68812 
13155 
48638 9600 
31001 54209 
62785 87289 
99479 
29503 42869 
27494 
63609 74912 69239 91020 79279 76210 
87943 
58629 13081 91951 
61530 
72243 85969 
95264 61641 
66361 73870 61294 
59884 58423 
8385 37107 71512 
98743 
9522 
35327 49873 18708 
46491 45212 
57152 
30629 
69612 61020 80925 84890 
31442 
55976 
81958 82762 94509 75060 
68206 
54327 
15839 
39021 
58803 
50624 
26064 
2804 
10954 
3698 
43227 
