14178 14180 
6470 
23785 
23429 22643 12983 42684 42679 42685 23430 38517 21484 30482 20653 23431 25561 21485 30478 30485 
27993 
11096 
29290 24924 
18656 
32313 40987 33797 
952 4796 
25783 5272 25782 25788 25781 40386 25789 42417 35101 35102 
39877 
14378 14379 14380 
41944 
38142 
27764 
18963 
30069 30064 31506 30062 30070 31453 
7407 7807 
31518 25380 31516 
11561 
34494 34491 
19548 
18457 
11850 11846 11847 
28883 28881 
18931 
35866 
5851 5868 5966 5869 2923 
21129 33769 498 69 33771 33770 21127 21128 
13153 13147 
15540 11334 
21041 21036 
30975 
37760 40747 
32149 32134 32148 32145 32133 
42297 42294 
29698 12111 29697 29696 24895 24896 
31412 27332 
15884 
31959 
14518 14504 14509 
5951 28568 
13204 13205 
7595 
16770 
38170 38162 
258 
12716 12717 
3997 
2141 
31774 
10612 10611 
35184 
17452 16895 16794 17100 17495 16792 17102 17457 
36867 36863 
16073 
2956 2978 8331 35524 
29554 29821 
31868 
7384 2086 6741 
14985 14981 
8980 
21726 
36268 36685 
18298 18295 18296 
27295 
41462 
17374 11252 17340 7674 
35585 35600 35586 
6375 6373 6372 
711 
35634 
37975 37978 37974 
13414 
6816 4694 6817 
32275 
13541 13542 
34693 
38136 
42566 
37241 37242 
11651 
3312 
25591 8885 
42069 15298 29129 17961 
28029 28043 28028 41911 
14183 14182 14181 
4396 
19352 
4489 157 
29921 29924 33635 29971 
19363 
12021 12019 12013 
2578 1656 4583 4585 9899 
515 3177 
12894 
5329 
28214 
42032 
