14178 14331 21656 12111 12110 14180 
6470 2775 
23785 20560 19819 21134 16856 19211 2715 22958 3676 725 41540 22570 23553 3549 12275 804 14130 10498 5838 19207 
23429 30487 22643 12983 42684 30486 30483 42681 42679 42685 23430 38517 30479 38522 24184 21486 21484 30482 21490 25562 20653 20654 38520 23431 21483 25561 21485 30478 30485 
27993 
11096 
29290 24925 24923 24731 33588 1632 5529 24924 39512 38394 38236 
18656 29133 12502 12499 12501 12503 12644 3627 
32313 40987 33797 40984 
952 29786 4290 17742 18043 38501 5431 4796 18042 18277 18894 590 18269 6354 1866 18275 37378 18276 37379 37376 20544 20629 4793 6997 18891 953 18898 1839 
25783 16228 1220 5272 13304 13303 25782 8180 8552 25788 25781 35097 35098 40386 25789 20363 42417 35101 35102 12869 20908 21668 24206 13209 25785 30501 
39877 
14378 13630 14379 13255 14380 12061 27273 
41944 41941 
38142 
27764 7028 
18963 
30069 34341 31449 31456 30064 31506 31455 30062 31504 32615 30067 30063 31460 29144 8080 8334 30068 30065 18525 31505 30264 30070 31453 
7407 37031 37024 7807 37001 
31518 25380 31516 
11561 
34494 34491 25290 
19548 
18457 16430 18415 
11850 15900 11846 11847 11855 
28883 28882 28881 
18931 18876 23719 
35866 38111 
5851 3138 22191 29787 3785 5868 5870 299 5966 5869 2923 5852 2925 5927 
21129 1106 31214 743 38705 7038 9752 20589 1451 8050 7357 1450 20587 6091 28506 19244 1996 16596 33769 14498 638 497 19470 5062 498 69 18103 9928 33771 4868 1063 38704 33770 7244 21127 21128 10989 558 33251 33250 5823 7778 6267 7554 6024 
13153 25540 13147 17001 13154 
15540 11334 
21041 21036 29227 37558 36415 
30975 5290 1464 29227 31430 30974 32810 
37760 40747 
32149 32134 32148 32145 32133 
42297 42294 
29698 40329 40331 10346 10347 21654 40335 29702 28125 29703 21655 28126 14331 12111 29697 29696 24895 24896 10350 40333 
31412 32088 31414 27332 
15884 28887 13027 31075 19150 20435 6910 23442 9888 10197 16787 
31959 
14518 14504 14509 14516 14519 
5951 28568 
13204 23816 13205 
7595 
16770 
38170 38162 
258 3177 
12716 12717 
3997 
2141 
31774 
10612 10611 
35184 
17452 18672 18668 12834 12835 16895 17758 18212 17492 16794 17100 17495 6039 12836 19876 16792 17102 17457 16793 
36867 16044 37064 29526 36863 
16073 
2956 186 2588 187 13322 29779 29774 28179 1492 3791 30019 2636 29783 29778 2978 3146 34212 8777 5888 7370 2977 8331 3845 3615 8311 35524 
29554 29821 
31868 31867 
7384 2086 23270 34532 6741 
14985 35147 14981 
8980 
21726 
36268 37905 36685 34883 36269 37903 
18298 18295 29464 40499 25467 1632 26738 18296 14449 19299 18293 18968 
27295 
41462 
17374 17402 17425 11252 17399 17340 7674 17346 17419 17648 4892 17347 17330 17643 11253 7510 26389 17392 17429 17422 11248 17397 
35585 20619 20546 28534 35587 4794 35605 20027 35600 35595 35594 35586 2318 35592 2405 35597 28809 3849 
6375 6373 6372 1677 6371 
711 
35634 2541 19033 3959 2581 2621 14319 
37975 37978 37974 
13414 25516 13405 9936 34854 
6816 4694 6817 
32275 
13541 13542 
34693 
38136 38135 
42566 
37241 38876 37242 
11651 11467 11667 
3312 
25591 8885 
42069 26882 15298 10021 18690 17321 10994 6859 4891 34548 42067 31838 17930 18033 29129 6855 10984 1785 16897 42068 33252 10983 1493 2927 17929 3277 17961 11093 42064 25877 27681 28942 28940 318 703 1656 1653 35593 35229 11111 14573 23346 42141 27268 6828 27250 10494 6856 10973 29666 19471 27839 
28029 13441 38517 28043 28028 23434 23438 25562 23437 41911 
14183 21652 14182 14181 
4396 4624 4395 
19352 7513 16685 5601 
4489 157 
29921 29891 29924 33635 29971 
19363 19364 
12021 12020 37958 12011 12019 12013 12024 12025 26858 11737 37617 37621 15034 15036 
2578 26508 3859 17856 17857 20502 4793 6997 953 21335 318 38687 35605 35599 9897 3481 703 1654 1656 21439 35584 1353 1653 35582 4583 4585 35603 18266 18272 20828 2316 11111 3856 27250 3485 4482 1988 3851 9899 3484 2029 806 37892 30713 
515 1738 30162 329 3177 4849 
12894 
5329 358 2869 485 90 7909 14786 
28214 954 1001 26507 2085 18072 17961 9916 
42032 13660 
