74150 65500 60007 94273 67164 
57697 
513 
54444 35453 
75097 
10982 18206 
20852 43016 50182 16717 
95126 69927 61483 93742 62099 58343 95133 91971 69367 69538 87253 90755 57882 61032 68548 87786 82989 95646 72465 76480 77464 84111 73477 78409 89605 93682 94290 85783 
24448 43088 23769 34909 
51981 27899 50435 4012 8327 53569 
68905 82542 75862 68959 76551 68566 86746 58138 76323 
40363 26481 30408 29178 53867 
24534 
98333 2961 97466 32337 
50480 54466 
17382 53616 4103 
4887 
79385 80704 73062 78993 58113 58492 
45049 
7391 38529 50030 
57497 
61421 62161 88875 
10159 55820 
16143 25273 12990 25688 
59535 
84643 64192 78945 60662 66203 81543 80893 60728 87608 92396 72633 87327 68564 82132 81750 91720 77256 91933 69918 67559 
72951 93294 89597 93990 95755 85604 
88292 60262 75598 
1640 
67416 
3267 
17023 19838 
41441 
50109 82184 90495 58091 
70181 94374 83912 82964 79039 71577 
25494 
80779 58724 92263 74227 
23686 9637 
40950 46935 
39729 34059 12755 52137 
64860 88766 58679 88802 84292 70793 
81472 91250 91741 67746 
32399 34930 29793 32508 27403 43665 
61047 79154 87477 80865 60978 94220 
44738 27757 
50766 25833 11769 35235 40794 36634 41327 45958 8698 
87735 68052 63911 95194 66960 
69771 
99615 
82740 75601 79234 76636 
14989 19484 12364 8404 44247 
96600 
40442 
78530 74149 75721 67785 82495 82110 74365 
94912 61417 69240 80744 
47757 63989 13765 29757 17662 10436 30206 38428 39231 10151 42148 11669 6042 
22839 23904 38397 
89173 62254 87784 70236 90265 
84016 68580 75128 59442 76879 
50551 53810 
81800 71156 86782 71207 62164 62187 58225 75805 
50113 
94244 70337 66840 67885 86385 86640 82357 68812 62360 86686 
13155 
48638 9600 
31001 23603 54209 
62785 87289 63199 75044 85010 92450 74396 73402 84148 88913 81150 65944 69393 95321 86426 95047 62466 
99479 
29503 38658 42869 18329 5302 
27494 77413 
63609 69695 74912 69239 91020 79279 76210 
87943 65622 62794 29951 80767 
58629 22944 13081 91951 
61530 89805 75968 85615 
72243 85969 
95264 61641 
66361 73870 58051 62224 61294 
59884 71164 58423 79278 75078 93372 94184 65857 95151 59989 77735 
8385 37107 71512 
98743 
9522 
35327 59188 29094 49873 47551 18708 49399 76641 
46491 45212 
57152 
30629 
69612 58882 61020 68414 80925 84890 
31442 32729 36903 55812 39485 
55976 46646 
81958 82762 94509 75060 
68206 92485 
54327 39351 52967 41344 
15839 51382 30479 45848 23491 18881 
39021 
58803 68063 82929 73284 92286 
50624 5797 8656 45642 8128 
26064 59826 92021 
2804 6777 50711 
10954 8117 
3698 
43227 
