74150 
57697 
513 
54444 
75097 
10982 
20852 
95126 76480 
24448 
51981 27899 
68905 
40363 
24534 
98333 
50480 
17382 
4887 
79385 
45049 
7391 
57497 
61421 
10159 
16143 
59535 
84643 
72951 93294 89597 
88292 75598 
1640 
67416 
3267 
17023 
41441 
50109 
70181 83912 71577 
25494 
80779 74227 
23686 
40950 
39729 
64860 
81472 91250 
32399 
61047 
44738 
50766 
87735 
69771 
99615 
82740 75601 
14989 
96600 
40442 
78530 
94912 
47757 
22839 
89173 70236 
84016 75128 
50551 
81800 
50113 
94244 70337 66840 68812 
13155 
48638 9600 
31001 
62785 
99479 
29503 
27494 
63609 74912 69239 91020 79279 76210 
87943 
58629 
61530 
72243 85969 
95264 61641 
66361 73870 
59884 
8385 37107 
98743 
9522 
35327 
46491 
57152 
30629 
69612 
31442 
55976 
81958 82762 
68206 
54327 
15839 
39021 
58803 
50624 
26064 
2804 
10954 
3698 
43227 
