74150 
57697 
513 
54444 
75097 
10982 
20852 
95126 
24448 
51981 
68905 
40363 
24534 
98333 
50480 
17382 
4887 
79385 
45049 
7391 
57497 
61421 
10159 
16143 
59535 
84643 
72951 
88292 
1640 
67416 
3267 
17023 
41441 
50109 
70181 
25494 
80779 
23686 
40950 
39729 
64860 
81472 
32399 
61047 
44738 
50766 
87735 
69771 
99615 
82740 
14989 
96600 
40442 
78530 
94912 
47757 
22839 
89173 
84016 
50551 
81800 
50113 
94244 
13155 
48638 
31001 
62785 
99479 
29503 
27494 
63609 
87943 
58629 
61530 
72243 
95264 
66361 
59884 
8385 
98743 
9522 
35327 
46491 
57152 
30629 
69612 
31442 
55976 
81958 
68206 
54327 
15839 
39021 
58803 
50624 
26064 
2804 
10954 
3698 
43227 
