14178 10349 10351 4632 33530 8637 9058 14331 21656 12111 12110 18786 14177 14180 1767 14176 10350 
6470 2775 5249 32328 6863 10403 42277 30233 4118 10136 16799 16777 10076 
23785 3572 36373 1624 4942 9095 32605 32603 2991 28569 5946 9629 4023 32604 5573 11014 2402 2327 4460 81 4252 29644 9684 42145 38485 30317 35852 14269 32555 41869 16399 5957 19144 21496 13405 6003 28679 27953 28677 13646 9860 42146 20470 42148 12164 11931 12153 41992 30168 42095 22614 38408 12519 11431 10916 13019 5862 13538 6269 34935 22897 11948 17921 13145 18917 10989 36567 17758 17919 11921 2169 21495 2273 17765 21835 17920 37054 9501 17915 4693 5644 16214 17755 30183 958 13628 7415 470 18863 7099 4378 26693 4139 10943 20560 5566 11895 4037 21126 172 36585 19820 19819 41993 21134 27291 34946 16856 28977 29765 10415 1562 30844 10957 26651 4799 3321 1246 7097 23796 1247 21081 7298 814 18864 3178 19211 13622 4958 6478 4041 22069 29691 36978 1306 33278 20287 20288 3588 12868 18582 5373 2625 3298 36904 5374 8176 4833 1908 9838 39629 8621 1090 14376 15604 33724 8688 2715 39516 1061 6262 21840 36490 8170 21367 2074 9856 25782 3384 3647 34643 23765 24710 908 39954 27058 818 819 938 4380 31020 40079 26856 10588 21244 23452 25777 8180 2040 23552 19153 959 12098 15437 22954 22958 4696 25788 25781 4777 21262 21248 25789 12276 3676 12424 41541 8873 725 19076 3213 41540 17761 9544 17398 17763 24913 11023 11022 41141 8620 15229 15227 907 5198 10607 22959 31331 22956 22960 9825 10944 20562 29444 1449 13043 15433 128 28552 15698 10959 2709 21062 35108 22570 682 28432 12462 10705 21046 12461 6438 6757 14129 28378 18099 18100 18098 18101 4466 28424 23553 5018 3549 31335 32382 12275 39489 804 14130 27787 6763 28292 22963 8156 25856 8648 17537 13209 35210 33499 20314 26900 39719 3880 18949 35307 17632 41211 4182 820 26718 1007 24662 37893 26696 10236 40905 19866 40377 10498 39271 5838 30555 35685 6413 40626 35534 33759 19207 25103 10340 31488 39045 25763 
23429 30487 24187 22643 12983 42684 30486 30483 42681 42679 42685 23430 28035 38517 30479 38522 28043 24184 21486 30461 21484 30482 21490 23434 25562 20653 20654 23437 38520 23433 23431 21483 25564 25561 21485 30478 30485 
27993 
11096 
29290 24925 24923 12168 19235 35228 35232 35304 35448 29464 28944 23682 18733 11872 703 42002 3159 17963 937 4689 27599 27602 27606 24912 33653 34358 24731 33588 30469 30468 1632 1749 14449 10915 22076 263 19299 5529 4255 37537 37455 24924 2156 39512 40440 38394 38236 
18656 36833 12642 4954 29133 14852 14850 12502 12498 19041 36831 12499 12504 2090 35812 12500 20580 12497 33048 12501 12633 12495 12503 17573 12644 3627 11750 14856 4953 2776 18090 10053 17574 12653 29130 1952 29169 22161 37013 
32313 25122 32310 32309 25123 33795 40982 40981 40987 33797 40984 
952 33604 18290 33596 29832 2367 5778 9975 5433 9974 6657 11615 9970 2856 2986 29796 3293 29786 2985 16365 14477 2054 671 2982 31129 6572 1842 9969 2984 18041 4791 27753 22329 3294 31130 2455 21337 27763 3023 4421 4299 12207 4290 12548 17742 18043 32185 5445 3070 1997 9957 12550 9958 9963 9962 13388 38917 14966 5434 12546 6368 30963 7277 38498 38501 21422 37261 29295 26755 26760 15235 40967 26757 23645 20588 35580 40970 20549 35588 5431 13165 35598 22163 21354 1724 672 20552 1512 2468 40964 26756 26762 5718 22739 21112 5457 21109 4796 18267 17926 16356 25231 18042 21902 954 18274 25232 8903 31838 18277 17932 5448 31886 18010 17930 18033 20833 18894 18012 590 6381 18269 18271 4419 18011 26758 15824 1865 2369 18279 15701 18899 29662 5437 6346 4644 22027 10984 19085 6354 18278 18270 16809 13162 16646 8920 10983 1866 18273 18275 25035 19086 20836 37378 18276 16645 26769 23133 9959 27063 26507 12300 17860 6455 37379 25877 20501 8783 19822 2840 27681 37376 20544 33671 37377 20629 2317 4793 6997 10012 4505 1067 18891 10149 953 12885 34945 29458 32343 21335 2775 19087 18266 18898 9998 35229 1839 18272 210 18340 17960 20828 15417 16647 2316 6406 15234 12914 8694 7455 11012 23032 3824 6605 41189 8023 26761 40465 1176 8550 32385 36415 28836 39648 18568 21912 13003 40549 40459 40550 16144 40456 
25783 13430 38526 550 14269 42148 413 5862 13538 6269 21835 8958 4693 5644 958 54 9303 21126 1381 172 6270 10415 10957 957 28363 1306 8178 29779 17607 8176 29805 2162 4833 2823 8179 8262 8621 1090 7859 8551 8177 8688 2715 31712 42418 3618 10244 29996 10514 16228 39276 21367 4458 28130 13302 2495 1220 5272 25790 13304 25791 33663 13303 25782 30006 35314 9989 8309 32736 8180 7802 10317 5767 8553 8552 15437 22958 19098 25788 25781 35097 35098 38240 33127 40386 25789 10988 20363 2076 5664 42417 33508 35101 33126 35102 20700 8873 3213 25151 20910 1344 33511 4521 41141 8620 12869 20908 27247 5524 22956 9678 20562 21668 15433 128 26873 682 12462 20914 12461 21667 14129 17489 23553 28232 12275 39489 27787 6763 24206 22072 20689 9142 25856 8648 39126 17537 13209 20685 11165 5822 25785 7379 3880 23396 7824 30501 3887 7213 35845 34743 1253 35477 33294 10519 10340 
39877 
14378 13630 34885 9933 32448 4594 14379 13255 40057 3590 13267 14380 12061 18230 32381 15043 13395 37493 14604 18665 17484 167 27273 39776 25224 
41944 41941 41928 
38142 
27764 27935 7024 7028 42380 
18963 39960 18964 
30069 29145 34341 31449 31450 31501 29146 31458 31456 30064 31506 31455 30062 31504 32615 31459 30067 31452 31454 31457 30063 31460 29144 8080 17433 32618 32620 29143 8334 32619 30068 30065 18525 18384 30256 30258 31505 30264 30071 30259 30070 31453 
7407 7406 37031 37024 7807 10780 37001 
31518 25380 25381 31516 26333 
11561 32631 
34494 34493 34490 34491 25290 
19548 
18457 16780 16430 16444 11695 18415 16409 16904 
11850 11888 20349 31635 15898 14729 22431 11851 6181 3238 14361 34166 1367 11891 26079 15900 27774 11846 11847 6435 14728 11855 
28883 28882 28881 
18931 5364 10545 1998 27910 18870 18871 18944 5602 18951 18872 18876 25018 18873 28327 23719 
35866 38111 35865 
5851 793 739 7849 3138 28739 22191 2857 215 5930 28911 29787 5840 4221 3125 637 3785 5868 5870 299 5966 5869 2923 5852 2925 2924 5927 6050 14617 29088 15217 3276 7731 440 27779 3282 20607 14652 5848 16234 
21129 1458 39735 15895 635 12752 2197 3272 7006 4944 18671 18672 17817 6745 20405 4863 9411 18666 36569 27290 6428 29496 3320 28302 6746 29809 1115 18535 38841 42100 12201 5282 5532 25881 25884 2835 1106 24000 25882 1459 4254 1531 18667 18668 29510 1807 3147 22331 38588 29872 33865 31319 21993 13008 29173 31214 13007 29170 31210 27872 34761 38615 21566 36726 12120 23797 16847 38770 2091 5224 38771 38772 38773 897 41464 16848 15412 25307 570 7779 31375 2689 8126 9095 11528 15370 743 3608 39222 38705 7038 794 9941 38706 10794 9940 5618 14425 28459 9752 13432 20588 23869 38484 20589 16598 12649 18437 15205 11530 1451 9750 20668 8050 18350 815 7357 4252 1450 37530 20597 9751 5577 10651 7492 20587 20594 25930 6091 18678 16709 6230 5457 17908 17906 13874 12194 27846 16387 24942 1464 13864 28506 13866 29467 25871 13867 19244 24629 13872 1996 3424 12125 2999 29482 31206 20601 36341 19245 6563 4129 13371 11885 19253 3329 6641 4353 12915 13403 9997 4005 27568 7950 25597 5997 14499 11570 22618 21695 2993 15291 11781 17528 24443 31321 1284 31320 5288 5283 22070 14269 38767 41869 16596 6429 33769 808 12167 14498 3382 24847 18632 638 27359 7238 42007 14508 497 19470 5062 2593 18171 34312 25254 14324 18169 14267 498 69 12700 38766 1995 7948 2892 21082 18103 4205 12993 9928 20557 8761 33771 6336 20471 4868 18158 9996 9234 1063 2594 1148 38704 21521 33770 29539 13536 20470 17910 2271 9258 23988 631 7332 13301 24983 22336 37671 918 1276 27903 18633 18819 27601 27229 8988 6313 12185 22614 12183 12184 27786 11884 36772 16644 3000 19147 9862 12127 5202 19771 8875 1754 9338 2904 17710 921 3794 17921 17818 16697 25300 7244 962 8143 13537 32234 40756 31430 21127 11021 21128 41544 17827 9022 10989 21546 558 18212 18675 17919 17825 10148 33337 18208 585 33251 33250 21131 1354 15436 27570 2273 33128 28123 21665 919 24974 380 4603 22914 14404 35265 3643 3977 1974 39376 9746 13300 16850 31612 3453 40568 19440 19441 19449 5024 13299 4242 4139 5823 9340 13983 6270 9517 5853 6289 7778 721 6267 12889 9200 27719 19151 21245 17764 1817 2210 7554 17766 6024 3963 15368 16364 9500 9295 3220 37520 37521 10190 14448 4616 19152 37191 35620 1479 27943 32969 8160 31498 19279 13535 10773 17009 20344 6347 4113 14368 3031 4100 6689 36577 4399 1327 21996 27677 34041 10682 10289 8873 25608 38097 39730 4138 22906 27676 7015 15691 17845 17837 17842 17839 17684 6268 19742 1205 591 13533 4178 33324 20542 21668 18639 26119 1491 15433 8780 16634 35108 9434 26116 9874 35493 37338 38125 
13153 4094 867 11832 25540 25538 25539 13155 13147 17001 23703 25607 1911 1278 22804 14885 13156 13154 
15540 17601 17345 17351 17346 17498 17419 14751 17649 17646 11334 14756 17643 17654 15622 15648 17418 
21041 19081 3294 32980 315 25065 1072 31416 8679 31888 16599 21036 4731 31417 16598 12649 42193 31415 10527 18684 28332 3506 32966 28279 28458 27846 29227 13411 3848 28315 13088 8761 28588 26695 2904 32234 9022 5625 21131 3724 5111 23032 32979 22615 26051 3824 37440 10982 28615 11045 18501 26596 10677 4410 37558 5536 36415 6409 22272 10213 6024 28380 21063 9178 28915 32153 32972 4963 28015 9130 4251 6618 6410 
30975 33602 1458 14143 22701 6976 25882 27901 27902 6657 5378 6572 19240 9973 9967 20805 5435 2294 95 5871 5286 5290 5225 9954 9955 39008 32980 38727 41464 15412 22554 5080 5687 29830 12486 10968 23645 37673 31417 15205 10590 10527 40964 28332 30619 15390 28279 5457 28458 42137 15889 1464 29227 25235 25871 13411 26565 20601 19245 15429 7416 3848 13404 5386 23169 22619 38767 6429 14508 19470 25254 38766 39836 28588 26695 28211 27829 9082 31430 9022 26568 21546 30974 21793 42278 36458 5446 18501 24214 8395 32810 28433 5642 17750 19744 6409 21245 2210 28380 33669 8888 
37760 40747 
32149 35154 28448 22908 32134 28138 12477 5879 32148 32145 32490 35159 17669 24929 32136 32133 32142 
42297 42294 42298 
29698 10349 40329 40331 10351 10346 14335 11428 10347 10345 8274 40337 21654 40339 40335 29702 28125 29703 21655 28126 14331 21656 40330 12111 34302 12110 14176 40332 29697 29696 17253 24895 24896 10350 40333 
31412 31413 32087 32088 27333 31414 27332 27334 
15884 29808 3286 33896 18045 4645 26883 29843 18030 18029 18026 28887 41330 4175 15896 13027 13030 13031 5703 5701 16197 31075 34015 19150 4937 3582 26882 26886 9915 10050 10021 996 4911 25234 11221 4324 24374 14229 10994 5100 34548 12960 13856 20435 10688 10065 29129 6910 23972 16407 10049 11100 10324 23442 33252 3867 3498 10233 15391 23136 3277 6801 6804 6805 6803 25918 29995 21858 18507 26101 42142 10333 15439 9888 18933 210 30191 24240 39021 15417 10197 5479 28833 38748 15418 16902 16787 3868 8694 7455 3387 35013 14309 7045 7046 39029 15700 20347 17279 20661 22460 15380 9136 39698 5529 4255 4719 6543 
31959 31965 
14518 38252 37255 30851 10290 31379 30850 19432 19435 14504 14509 18907 14516 14519 
5951 2691 28568 12207 17742 5621 
13204 37255 481 36149 4531 23816 36996 7760 4117 37082 28121 10575 32469 13205 
7595 7596 
16770 
38170 38176 38162 
258 20455 9835 1302 400 20458 21846 5241 13629 27937 8941 5311 9792 8622 6685 8120 3177 325 15859 12284 2539 
12716 12717 
3997 
2141 39364 33684 2142 471 
31774 
10612 10611 
35184 12190 10781 10782 4237 2411 13310 26885 
17452 2197 22160 11944 17918 17917 18223 18227 17739 18671 18672 18224 20405 27909 11938 375 18666 11936 2170 25 18670 18669 18667 18668 14847 5517 12834 33865 12229 31214 42362 17916 2989 12835 16895 3701 38409 23115 7038 29516 1996 35270 18161 5062 18169 9928 3495 16046 1148 21521 20470 17910 918 2119 22614 17911 17913 17914 22453 921 18226 3794 16834 17921 17818 7244 13876 13537 16625 17752 12010 17758 18212 17919 18208 33251 33250 18228 17765 17920 4603 18211 17755 13300 17492 16794 17100 17495 13184 10788 38400 6289 6759 17762 17764 17757 17766 32825 16432 9295 18215 11266 16457 5421 5890 32824 12009 17751 6039 26651 4746 8963 37191 20827 4688 12836 1489 22050 27910 66 17605 5241 3089 19876 38372 4100 6689 38524 12284 38616 38529 16792 17102 4084 17104 35315 15513 40443 25348 38097 17754 17759 17761 17763 17760 17756 24913 11249 4138 15545 17457 4968 17980 22198 15351 4703 591 6579 30193 128 8780 16634 35108 16793 39793 
36867 16044 16048 37064 15688 29526 21844 36863 29521 12483 37519 37518 
16073 
2956 186 40586 862 2588 5403 8330 8304 188 3742 187 30009 13322 29779 9786 10724 26419 12359 29781 1892 10244 29774 3065 1104 8097 4457 29782 33 1034 28179 7020 1492 1105 3791 5649 30019 1220 1854 32790 692 2636 589 29783 29778 6026 6651 9367 1812 8221 24268 38983 33477 8573 17255 2978 20699 14337 2184 1209 460 3314 12687 10645 5961 3146 2217 34213 34212 7110 8777 5888 14336 34067 1263 35326 10084 18945 27214 9855 200 7370 14424 8581 2977 18363 8331 8582 25019 2789 397 26335 1560 6402 23392 6271 7388 3845 18369 28186 34262 4239 9785 1993 6686 17690 4238 12760 37637 859 1811 1569 7869 3615 8311 2527 163 34210 35524 1117 34209 4348 39044 4880 
29554 37392 17372 29822 29821 
31868 31867 
7384 15303 25240 998 34560 36575 9415 15296 29664 9196 7242 7507 21832 13385 36578 36827 14199 6740 34559 14193 29714 23191 24455 32364 17777 6862 17772 31215 2086 17770 11371 14235 38200 23270 34532 6741 40414 18312 15597 12068 1447 10786 10362 16900 24221 12822 22965 25553 
14985 35147 14981 20939 
8980 
21726 5242 20260 
36268 15292 5950 10069 41995 16366 32970 30793 754 37905 34884 33694 36685 34883 36269 11351 20152 37311 37903 32229 16786 35570 
18298 1575 41548 18295 21880 13579 22335 24925 25465 24923 1816 34271 31075 29720 14785 6859 13898 10397 3371 4891 29561 7756 29679 22451 35228 34548 35232 35304 25470 35448 29464 16686 42006 40501 18729 40504 22333 12173 12171 703 21439 9406 4583 11766 10659 4585 10281 3485 9899 3484 3159 9588 40506 12101 20561 10494 40499 10044 25257 19471 11062 29763 38487 33653 24731 33588 11590 25046 11588 11589 18473 25467 1632 17823 29474 26739 26738 18296 14449 10915 41829 29942 38436 22076 30172 21259 14081 39086 19953 14386 18294 27400 19299 18089 18293 39999 5529 4255 26885 18968 8238 5964 33319 
27295 10174 41815 24206 27938 33356 26360 39494 17219 33357 27294 
41462 
17374 9244 17391 17402 17425 17345 17351 4889 11252 17399 17340 7674 4890 17346 10789 17419 17648 4892 36002 17347 17330 4891 19217 22029 17643 11253 17654 17645 11256 17647 38933 35997 32827 36006 7510 4301 36010 26389 11634 9807 17697 38248 1021 11331 11463 11251 17392 17429 17422 17337 12990 11248 12988 17397 
35585 6740 20619 18050 20546 28534 4978 4795 24179 35587 2296 18892 29706 4794 5503 5502 2529 23341 35581 35605 35599 3481 20027 18997 1654 21439 35583 27515 1655 35584 35596 1353 35600 35582 35604 11325 35595 35594 4585 35586 2318 8141 14630 35592 23333 23339 3503 12472 2405 35597 25972 39856 20627 13113 3121 6084 31839 34030 27925 9783 20618 27250 42102 4482 20624 28809 23351 42076 14069 3862 35993 25064 6511 2918 29667 6860 3849 10323 4835 26091 
6375 28992 6373 1678 29819 32807 32809 6372 1677 6371 672 4792 5987 9964 28342 9966 
711 23958 
35634 22044 2541 25310 14320 19033 24927 3959 2581 35902 2621 20907 33502 11091 13288 11794 25443 10001 24497 25592 24496 14319 16043 264 32982 14276 17668 13287 37324 24926 
37975 37978 37974 26833 
13414 32690 30680 9685 27849 27850 27874 3284 29839 111 28358 32605 28357 4023 37226 26380 815 18678 12341 13402 21695 31321 31320 6171 5957 25516 13405 14508 9277 28679 27953 28677 1778 9860 37227 20470 23988 37878 25936 42148 11953 12741 13409 13145 3494 10989 18675 11921 34849 34850 9936 34854 22930 6439 6386 10057 17762 1513 28277 28917 31104 4630 17759 17760 41138 3549 36905 
6816 4694 6817 4835 
32275 
13541 13542 
34693 
38136 38135 
42566 
37241 35861 38876 38875 37242 
11651 11466 11468 11467 11667 
3312 
25591 8885 
42069 29584 29808 33034 29595 26883 29843 18030 18029 18026 29599 41548 18144 17734 5701 18149 18148 15411 27754 16197 34271 14215 32431 26882 26886 23345 29557 32429 14075 18934 3247 31204 4081 15071 14200 4771 27879 10789 25233 24269 15298 1784 24270 18691 15721 18286 10021 33596 31600 25234 18690 10086 11221 29832 35090 14229 15602 18289 16357 17321 29559 14785 10994 35091 11299 26887 7811 15226 6859 9412 4891 36200 29561 7756 14061 34013 34548 15494 42067 16686 16629 42006 27908 12154 39254 22333 18056 17743 4557 18053 18160 6912 4767 12960 17935 17927 17939 17940 8808 35580 35588 35598 35601 33362 16389 26508 14074 16649 17926 16356 36590 25231 3124 27269 25232 8903 31838 17932 36591 31886 18010 17930 18033 17931 18012 37816 29690 31082 17925 18011 42074 13856 10688 29129 38931 6910 6855 22027 10984 29130 10049 1785 4402 8801 16897 11100 21877 10324 16809 42068 29663 23355 33252 3859 8920 29169 15310 10983 23356 39628 22161 1493 26376 29878 25179 34547 15309 15424 18614 15070 25035 130 11602 10233 15391 37795 2927 18052 23136 18054 18472 19833 17858 17859 17929 3277 28785 2085 11442 21030 18072 17961 32473 17860 21029 8676 5031 36417 18055 27904 18058 18051 12673 4401 23349 23350 17856 19473 6455 11093 18050 1657 21025 18049 16807 3693 636 22761 17857 21548 21033 18047 23348 21026 42064 7306 4091 25877 18657 8783 28941 2840 18507 33363 20502 27681 37376 20544 6052 22071 37377 26101 4793 33772 6430 6997 11716 3137 20839 18891 41814 953 12885 34945 12886 28942 28940 318 38687 1041 9897 3481 703 1656 21439 1040 35583 40505 35584 1653 40297 35593 3497 4583 25543 23089 4585 25547 35603 23330 18266 33253 18898 35229 33341 1839 21120 11765 18272 17826 18933 210 18340 17960 20828 39021 29795 9016 15069 9532 16647 2316 23340 16204 14065 41337 8192 11111 10197 13660 27837 33321 20627 10281 12914 20616 21546 15418 25258 41477 3856 5625 10437 31839 23352 17983 3868 14573 17984 15608 23346 42141 28307 8720 27268 24964 20618 6828 27912 15436 5093 14842 14240 27250 23334 1823 1988 3851 9899 3159 2029 24635 10494 28943 17963 6856 3699 42076 10973 35990 25257 21860 29666 19471 29763 3387 32598 4230 21162 3139 18203 27830 27839 7245 33542 20002 8144 18146 27400 21255 
28029 42684 23440 23439 13443 12974 13441 23430 41912 38517 38522 27538 21489 28043 28028 30461 41913 21484 23434 23436 23438 28027 25562 20653 23437 38520 23433 24181 41911 21491 25564 25561 21485 
14183 21652 21648 14182 14181 
4396 4394 4624 4395 
19352 42077 39964 23016 41360 5566 4037 13433 3386 22068 9876 40077 23119 17788 29735 11214 1399 14313 34255 29779 28674 3230 16380 7513 29724 11775 5029 12087 11581 11575 1107 16685 6315 2000 32875 399 31078 8640 699 2009 6 12537 7514 28391 1245 8627 36070 7566 409 5770 1418 7581 4429 5598 18869 3054 6222 5597 5600 18953 9914 32801 5601 5599 26415 10724 26419 12359 34704 33688 13306 39296 4468 14433 8534 6224 33689 37051 7986 6325 27852 10244 29774 9769 986 2074 1492 4258 933 7203 5019 40757 2636 21079 12518 11920 2708 12305 7120 12910 26737 13230 7119 8919 23140 36880 35298 4370 1454 16609 4683 27951 21826 4614 17612 9796 12098 39630 11017 40004 21830 3296 16715 10998 40785 19098 33539 38699 41543 29778 34882 3720 3306 21825 14295 32767 2422 19821 27972 6214 18867 6756 9795 1774 15737 26643 41083 17586 681 9986 5524 16713 16712 41086 10981 11957 9651 2987 10705 5255 21250 28340 200 9770 41669 8331 33179 41336 35524 
4489 63 157 979 21871 
29921 34504 34506 29891 29924 33635 29971 29359 
19363 19364 
12021 12020 13925 31728 11994 37963 37964 37958 37967 12011 12019 17965 21363 12013 12024 12025 26858 11737 37617 37621 26851 15034 15036 11732 8639 
2578 17828 2523 2522 4081 14200 25233 15298 33596 18690 11221 18289 7811 6859 4891 36200 7756 10023 41439 29295 9821 40967 26757 10140 35588 11123 25546 33362 672 26508 17926 36590 25231 27269 25232 31838 17932 36591 17930 18033 29690 21133 18516 21132 3869 6855 22027 22029 1785 16809 10277 17746 33252 3859 17861 15310 19476 22030 3867 29878 11253 25179 33888 34547 15424 25035 37779 3154 15391 37795 37378 563 39360 42197 5338 18055 7269 18512 18058 18051 4401 17856 19473 11093 18050 18049 17857 18047 28812 37379 7306 25877 20501 28941 18507 31831 20502 33001 37376 9410 20544 22071 30928 37377 15699 20629 2317 4793 34680 6997 20500 20504 18891 953 12885 12886 28942 28940 26096 32343 21335 15837 37180 318 35581 38687 1041 35605 35599 9897 3481 703 18997 1654 1656 21439 1040 35583 23337 27515 1655 35584 38689 23336 1353 1653 10364 35593 35582 3497 35604 4583 35595 25543 23338 35594 4585 25547 35603 23330 8718 19087 18266 16375 2506 8936 8537 23714 18272 18933 20828 28939 2316 20611 14065 3489 11111 33321 20627 37380 10281 12914 20616 13202 25258 19088 26509 3856 37381 37375 31839 17984 15608 42141 27268 20618 6828 27912 14842 18979 38627 4528 29096 27250 27516 38688 3485 4482 1988 3851 9899 3484 3159 20013 20011 7209 2029 10043 12101 1481 8928 20561 10494 806 6856 3699 8924 35990 25257 29666 25541 32509 29763 37892 512 3130 1212 21162 41189 9648 27604 8550 39507 19069 28837 33542 11251 30713 21794 12891 30468 
515 12739 28296 22366 32687 26974 25033 8176 12159 1738 5874 8734 292 11618 30162 38410 1561 18851 1908 9838 329 39629 3089 3077 5311 18870 18871 824 4684 1281 29619 4916 6685 29420 3606 825 10045 18649 18652 3177 5602 18951 8739 4849 6713 4469 17974 9989 8768 41141 
12894 12870 10403 32769 18215 18206 18217 
5329 358 462 1584 1136 6800 1390 2869 1640 9900 485 101 1703 7962 812 3181 1016 376 90 171 10100 106 7909 14786 1018 2413 2865 
28214 29808 14200 15298 15721 18286 21310 31607 38058 11569 8209 38057 21032 15474 17937 17941 17933 6912 4767 29107 23554 17935 17927 10910 17939 10902 16389 26508 14074 21109 16649 9714 21902 954 27269 8903 18033 2528 37816 31082 19255 4419 23555 26581 42074 10688 1001 29129 17257 8801 10079 8920 1866 10233 2927 26507 29468 28785 2085 21030 18072 17961 29466 21029 5031 5604 9916 16854 1657 21025 22761 5603 21033 21026 4091 25877 21858 18507 5009 9897 1656 40505 25543 23089 732 11111 3076 15608 
42032 4047 18934 42025 7394 5835 23554 37052 4248 5849 23555 26581 4046 18935 11153 13664 30191 22046 13660 23563 
