14178 
6470 
23785 
23429 
27993 
11096 
29290 
18656 
32313 
952 
25783 
39877 
14378 
41944 
38142 
27764 
18963 
30069 
7407 
31518 
11561 
34494 
19548 
18457 
11850 
28883 
18931 
35866 
5851 
21129 
13153 
15540 
21041 
30975 
37760 
32149 
42297 
29698 
31412 
15884 
31959 
14518 
5951 
13204 
7595 
16770 
38170 
258 
12716 
3997 
2141 
31774 
10612 
35184 
17452 
36867 
16073 
2956 
29554 
31868 
7384 
14985 
8980 
21726 
36268 
18298 
27295 
41462 
17374 
35585 
6375 
711 
35634 
37975 
13414 
6816 
32275 
13541 
34693 
38136 
42566 
37241 
11651 
3312 
25591 
42069 
28029 
14183 
4396 
19352 
4489 
29921 
19363 
12021 
2578 
515 
12894 
5329 
28214 
42032 
