14178 10349 4632 33530 14331 21656 12111 12110 14177 14180 
6470 2775 30233 10076 
23785 36373 32605 28569 42145 35852 16399 42146 20470 30168 13019 5862 13538 34935 2273 17915 17755 4139 20560 21126 172 36585 19820 19819 21134 16856 29765 10957 3321 7097 7298 3178 19211 22069 18582 2625 5374 1908 9838 15604 8688 2715 39516 21840 21367 908 10588 23452 15437 22954 22958 4696 4777 3676 725 41540 9544 24913 11023 11022 22959 22956 22960 9825 29444 13043 28552 2709 22570 28432 12462 12461 23553 3549 12275 804 14130 27787 6763 22963 25856 20314 1007 19866 10498 5838 33759 19207 25103 
23429 30487 24187 22643 12983 42684 30486 30483 42681 42679 42685 23430 38517 30479 38522 28043 24184 21486 21484 30482 21490 25562 20653 20654 38520 23431 21483 25561 21485 30478 30485 
27993 
11096 
29290 24925 24923 12168 27599 24731 33588 30469 30468 1632 14449 22076 263 19299 5529 4255 24924 2156 39512 38394 38236 
18656 29133 12502 12499 12500 12501 12503 12644 3627 11750 4953 
32313 40987 33797 40984 
952 33604 5778 5433 9974 2986 29796 29786 2985 2054 671 2982 1842 9969 2984 18041 4791 2455 4421 4299 4290 17742 18043 1997 9957 9962 5434 7277 38501 29295 26755 26760 15235 26757 20549 5431 672 20552 21109 4796 18042 21902 18277 18894 590 6381 18269 18271 1865 18899 6346 4644 6354 8920 1866 18275 25035 37378 18276 26769 9959 26507 37379 25877 20501 19822 27681 37376 20544 37377 20629 2317 4793 6997 18891 953 18898 1839 210 41189 26761 32385 
25783 38526 54 1381 10957 8176 4833 2823 8179 8262 7859 31712 16228 28130 1220 5272 25790 13304 13303 25782 32736 8180 8553 8552 25788 25781 35097 35098 40386 25789 20363 42417 33508 35101 35102 8873 3213 25151 20910 33511 12869 20908 9678 20562 21668 128 26873 682 20914 21667 12275 24206 13209 25785 7379 3880 30501 34743 1253 35477 
39877 
14378 13630 14379 13255 13267 14380 12061 14604 27273 
41944 41941 
38142 
27764 7028 
18963 18964 
30069 34341 31449 31450 31501 31456 30064 31506 31455 30062 31504 32615 30067 31454 30063 31460 29144 8080 17433 32620 29143 8334 32619 30068 30065 18525 31505 30264 30259 30070 31453 
7407 7406 37031 37024 7807 10780 37001 
31518 25380 31516 
11561 
34494 34491 25290 
19548 
18457 16430 18415 16904 
11850 11888 14729 22431 1367 26079 15900 11846 11847 6435 11855 
28883 28882 28881 
18931 5364 27910 18870 18871 18944 5602 18951 18876 18873 23719 
35866 38111 35865 
5851 739 3138 22191 215 5930 29787 4221 3785 5868 5870 299 5966 5869 2923 5852 2925 5927 7731 3282 
21129 7006 4944 6745 27290 6428 18535 12201 5282 2835 1106 1459 4254 29510 29872 13008 31214 13007 12120 2091 5224 38772 38773 25307 570 31375 743 38705 7038 794 38706 9940 9752 23869 38484 20589 18437 1451 9750 8050 7357 1450 20597 9751 5577 20587 20594 6091 13874 12194 27846 16387 24942 28506 13866 29467 19244 24629 13872 1996 2999 29482 20601 19245 4129 13371 11885 3329 9997 5997 14499 11570 22618 2993 11781 24443 1284 16596 33769 14498 638 27359 14508 497 19470 5062 34312 25254 498 69 7948 18103 9928 20557 8761 33771 6336 4868 9996 1063 38704 33770 13536 37671 1276 18819 27601 27229 27786 5202 2904 17710 25300 7244 31430 21127 11021 21128 41544 10989 558 10148 585 33251 33250 21131 27570 28123 21665 24974 380 14404 1974 13300 31612 5823 6270 7778 6267 12889 21245 1817 7554 6024 15368 9500 4616 37191 1479 27943 31498 13535 6347 4113 3031 10289 39730 17842 19742 1205 591 13533 18639 15433 8780 9874 
13153 25540 25539 13155 13147 17001 23703 25607 14885 13156 13154 
15540 17649 17646 11334 14756 17654 
21041 19081 32980 16599 21036 31417 31415 28458 27846 29227 9022 5625 3724 26051 3824 37558 36415 9178 4963 
30975 1458 9973 9967 2294 5290 9954 9955 15412 5687 29830 28332 30619 5457 1464 29227 15429 39836 27829 31430 30974 21793 32810 8888 
37760 40747 
32149 28448 22908 32134 32148 32145 17669 32136 32133 
42297 42294 42298 
29698 40329 40331 10351 10346 14335 11428 10347 10345 8274 21654 40335 29702 28125 29703 21655 28126 14331 12111 34302 29697 29696 24895 24896 10350 40333 
31412 31413 32087 32088 31414 27332 27334 
15884 3286 18045 28887 4175 15896 13027 31075 19150 4937 3582 996 4911 20435 29129 6910 23972 23442 3867 10233 25918 15439 9888 39021 15417 10197 16787 3868 39698 
31959 
14518 30851 19432 14504 14509 18907 14516 14519 
5951 2691 28568 
13204 4531 23816 32469 13205 
7595 
16770 
38170 38162 
258 20458 8622 3177 325 
12716 12717 
3997 
2141 2142 
31774 
10612 10611 
35184 
17452 17918 18223 18227 17739 18672 18224 18670 18667 18668 12834 33865 31214 2989 12835 16895 16046 21521 22614 17913 18226 16834 17752 12010 17758 18212 17919 33251 33250 18228 17765 17920 17492 16794 17100 17495 17762 17764 16432 11266 12009 6039 12836 19876 16792 17102 17759 17761 17763 17760 15545 17457 4703 8780 16793 
36867 16044 16048 37064 29526 21844 36863 29521 
16073 
2956 186 862 2588 8330 8304 187 30009 13322 29779 26419 12359 29781 1892 10244 29774 8097 29782 33 28179 1492 3791 30019 2636 29783 29778 1812 2978 20699 460 3146 34212 8777 5888 34067 10084 9855 200 7370 2977 8331 8582 397 1560 6402 3845 34262 9785 6686 17690 37637 1811 3615 8311 163 34210 35524 34209 4880 
29554 29822 29821 
31868 31867 
7384 15303 998 36575 15296 21832 34559 29714 32364 2086 11371 14235 23270 34532 6741 15597 1447 12822 22965 
14985 35147 14981 
8980 
21726 5242 
36268 41995 30793 37905 36685 34883 36269 11351 20152 37903 35570 
18298 1575 18295 21880 29561 35228 35232 35304 25470 35448 29464 20561 40499 25257 19471 38487 24731 33588 11590 11588 11589 25467 1632 26738 18296 14449 10915 41829 38436 22076 21259 39086 19299 18089 18293 5529 4255 18968 5964 
27295 27938 26360 27294 
41462 
17374 17391 17402 17425 17345 11252 17399 17340 7674 17346 17419 17648 4892 17347 17330 17643 11253 36006 7510 26389 38248 17392 17429 17422 17337 11248 12988 17397 
35585 6740 20619 20546 28534 35587 4794 35605 20027 35596 35600 35604 11325 35595 35594 35586 2318 14630 35592 23333 3503 2405 35597 3121 27925 42102 20624 28809 42076 3862 6511 6860 3849 10323 4835 
6375 6373 1678 6372 1677 6371 4792 
711 
35634 22044 2541 14320 19033 3959 2581 35902 2621 20907 14319 16043 264 32982 13287 
37975 37978 37974 
13414 26380 13402 25516 13405 28679 28677 12741 13409 10989 18675 11921 34849 34850 9936 34854 
6816 4694 6817 
32275 
13541 13542 
34693 
38136 38135 
42566 
37241 38876 37242 
11651 11467 11667 
3312 
25591 8885 
42069 29808 33034 26883 29843 15411 27754 26882 26886 14075 3247 25233 15298 10021 18690 10086 17321 10994 7811 6859 9412 4891 36200 34548 42067 16629 27908 12154 6912 4767 35580 35598 33362 17926 16356 36590 25231 3124 25232 8903 31838 17932 36591 18010 17930 18033 18012 29690 18011 42074 13856 10688 29129 6910 6855 22027 10984 1785 16897 16809 42068 33252 8920 10983 1493 2927 17929 3277 28785 17961 8676 5031 11093 21025 21033 21026 42064 25877 18657 2840 18507 27681 37376 34945 28942 28940 318 38687 703 1656 35583 35584 1653 35593 35603 23330 18898 35229 1839 11765 17826 210 20828 39021 9016 9532 16647 2316 41337 11111 12914 20616 21546 23352 17983 3868 14573 17984 15608 23346 42141 28307 27268 6828 14842 27250 23334 10494 6856 3699 10973 25257 29666 19471 32598 4230 3139 27839 
28029 13443 13441 41912 38517 38522 21489 28043 28028 30461 41913 21484 23434 23436 23438 28027 25562 20653 23437 38520 23433 24181 41911 21491 
14183 21652 14182 14181 
4396 4394 4624 4395 
19352 42077 29779 7513 11581 11575 16685 699 2009 6 28391 1245 36070 5770 4429 5601 4468 14433 37051 6325 27852 2636 11920 12910 23140 4614 17612 3296 18867 15737 681 21250 200 8331 
4489 157 979 
29921 29891 29924 33635 29971 29359 
19363 19364 
12021 12020 37963 37964 37958 37967 12011 12019 12013 12024 12025 26858 11737 37617 37621 26851 15034 15036 
2578 14200 10023 41439 25546 26508 25231 27269 18033 3869 22027 1785 16809 3859 15310 29878 33888 34547 15391 37795 5338 4401 17856 18050 18049 17857 18047 28812 25877 20502 37376 20544 30928 37377 20629 4793 6997 18891 953 12886 26096 21335 37180 318 35581 38687 1041 35605 35599 9897 3481 703 1654 1656 21439 1040 35583 35584 1353 1653 35593 35582 3497 35604 4583 35595 25543 35594 4585 35603 23330 8718 19087 18266 8936 18272 20828 2316 11111 20616 3856 42141 6828 27912 29096 27250 3485 4482 1988 3851 9899 3484 2029 806 37892 512 3130 1212 33542 30713 
515 28296 32687 25033 1738 11618 30162 1908 9838 329 5311 18870 18871 4916 6685 29420 3177 4849 4469 
12894 32769 
5329 358 2869 485 101 1703 7962 812 3181 90 171 10100 7909 14786 1018 2865 
28214 15298 21032 6912 4767 10910 10902 21902 954 1001 10079 26507 28785 2085 18072 17961 5031 9916 16854 21025 21033 21026 5009 3076 
42032 42025 23554 23555 26581 4046 13664 13660 
