74150 84615 68957 84937 68389 95365 95323 65500 86767 74774 69087 77352 76603 93028 71012 76438 91644 63687 60526 88159 70691 61400 60007 69857 75743 60104 64349 65019 94273 81305 74285 65263 83866 79242 89527 76997 62967 67406 77776 80844 60730 67407 68103 59308 76168 92501 75517 61303 89801 70171 78794 89818 44813 86254 88498 93007 85525 60091 67164 76084 82416 61705 63084 68275 66505 86138 
57697 
513 16487 11134 33961 30228 
54444 22731 9532 35453 19621 35279 26632 4183 48746 46561 51535 16829 43810 18214 
75097 90507 67574 88306 86781 81574 86835 90402 92556 68209 85444 87519 74591 92496 
10982 22362 18206 20447 32675 19785 26181 30371 44995 49258 18936 4759 53889 55057 44478 36966 17105 4375 54601 27084 6522 53864 19646 42674 7003 5507 35478 37524 27837 45173 15378 37856 46819 17289 51386 48631 21947 51397 41952 5549 53904 44502 32598 11639 7079 5053 99373 34670 53985 46415 31211 45266 11506 34223 25964 48008 16467 33799 5365 50075 49273 
20852 38480 41202 16241 33821 43016 31722 36017 38177 51162 30523 34579 9258 18488 13266 12684 51670 28501 34236 24384 50182 16717 44448 7814 23781 24377 45761 4103 40986 10759 
95126 96597 2330 17875 77271 84199 90913 93379 82684 58900 81671 63601 81230 78944 58826 93993 64545 76994 80068 89192 57775 63329 62953 79331 66278 72206 66007 69927 84179 92653 87260 94049 77618 77414 70466 84144 75721 59526 67885 82768 94600 63662 81908 62789 66715 75901 64194 68843 87205 68850 83005 60040 69364 65887 93029 81033 93569 70572 89082 74171 65395 94175 60177 91310 88667 95707 62598 60659 74129 67183 71884 84888 53372 88655 8872 75009 74877 71800 91901 80194 44159 79041 65039 58040 46176 62006 38375 72591 92156 61235 66250 61483 78212 95332 93742 93961 62099 82820 67680 63006 58343 94739 90104 61323 95133 62110 59345 91971 90569 69367 58688 95474 88941 65890 69538 74796 69519 71229 80375 87253 92717 90755 65747 90833 68514 66351 83069 57882 61032 59068 74727 86969 79328 87709 71432 68548 92764 73818 87786 90598 85633 73180 67154 71976 65368 80904 81753 95167 59155 77625 83312 66370 69628 80030 78044 91679 63130 73418 61240 90847 79085 93821 59807 85114 65605 68318 61103 86990 69763 72304 81323 90580 79800 82989 59793 74814 92017 73453 71494 95646 83589 63603 68445 90502 79203 85533 65462 92213 77586 72465 87541 83608 60720 76480 88025 67553 69131 89123 76712 64398 51530 93430 77059 80349 81454 90752 77464 59365 79252 63582 84111 88516 83605 84854 74810 87641 73477 58586 82660 69036 88526 80796 77887 78409 66744 67770 77679 85022 85651 60135 88265 69929 59400 79958 68695 68031 60685 66892 74580 60638 88077 91177 87244 84108 61980 6873 68183 62463 74772 58147 80643 93285 66296 90214 65125 85635 87467 80362 78349 90970 81382 89605 64323 79424 85860 59461 58539 85387 69892 65030 75933 76620 85285 93682 80958 87465 87029 94290 73831 72995 61370 71066 71875 92595 85783 94538 85203 80833 41160 47347 6250 10531 44140 36994 52301 23618 60051 35683 11207 55696 18281 31260 25949 48592 26492 52183 26818 21047 22996 20753 8540 55783 24214 39818 26145 
24448 47836 20007 8038 52532 39033 33733 26475 13590 31107 22066 29618 33520 19299 6322 38918 27380 30222 7172 51631 26151 52337 53311 41693 51307 22687 36529 5479 49416 21336 28022 26590 43088 42703 9030 10414 52997 31894 19190 51679 8750 53723 22713 48346 20475 55150 27719 44812 33793 53651 13897 21783 25052 54684 40537 21893 6731 48006 54621 52066 41301 53935 34816 26095 4763 7621 55982 23769 55917 5121 45210 34909 24555 51448 33313 28667 36818 9783 43885 4816 14445 19222 25310 29715 52842 39139 30362 22581 52524 51075 
51981 14203 96750 44109 7 44216 22128 4783 19774 50684 11122 21907 4442 46224 54130 24344 26318 28819 44079 16192 42577 27899 7900 11264 17075 50435 41284 22467 22313 27186 15650 4012 34558 19351 20165 35819 47696 99272 4455 19778 24610 8327 53569 
68905 67583 65419 89147 64846 59121 62276 92305 61445 57910 87133 77401 94048 79314 75750 68737 77737 65259 84192 92401 94249 78190 82541 62769 58433 82542 58443 60085 75862 86307 68959 76551 86927 95058 68566 63204 90222 80288 90822 72639 63770 80061 78091 80998 86746 62842 68720 65772 82935 67942 76134 58938 79022 90817 71059 58138 83537 78004 87502 65729 76323 68919 92809 44914 8121 73345 82253 73977 61486 71107 93763 93703 58179 75005 78664 72971 71719 84229 61368 69533 
40363 45809 26481 11554 13274 30408 7314 29021 14691 27645 11056 8261 18473 30144 11898 50382 13025 27019 15395 45750 18811 29178 22338 9608 17230 53867 35606 52298 7201 39620 45674 8074 55647 34740 21571 7282 32193 4607 50090 56088 47764 26919 19540 34398 43957 18652 9502 18643 34876 25552 53439 10595 12020 10008 43476 24660 55296 6566 20631 43228 34694 51478 38937 41211 54427 16400 47541 50903 12384 46804 9913 14478 47773 9456 55703 11337 28925 7176 14350 
24534 21658 53598 56049 3365 1552 45561 21488 5884 36947 47480 10022 17364 8945 33500 31056 39300 9187 18222 20529 25162 10316 12541 8442 47078 33219 54640 95044 89791 
98333 17579 20352 12631 1765 99426 2961 2618 95988 97466 52377 39924 32337 10717 13971 
50480 29354 25307 28177 54466 37414 39210 34910 32247 16706 36137 6715 53744 32754 48901 92212 
17382 17485 8241 38480 41202 25472 16241 33821 43016 11042 18910 18664 6736 52624 4264 24518 34579 11874 13304 24526 53616 36936 22857 6824 44154 49527 43189 53043 51685 8080 35937 5023 23781 45932 4103 12306 
4887 86760 77401 76886 35316 69524 66245 78574 34314 76551 45509 48258 19223 30900 39998 14145 52660 7748 43346 34752 10228 73922 93763 68257 87264 66291 
79385 60390 63748 92365 71829 64181 74315 67648 76562 70055 67961 75072 72351 80567 60995 72155 77001 86768 58817 60955 8050 55371 92582 62105 69891 79073 84668 63751 77129 63296 64494 63709 91927 62278 59422 73063 81842 95520 63059 57734 80704 66694 65623 86713 73062 63024 77127 78993 72813 60188 81715 59487 62479 92004 92096 74783 68495 91407 90512 66308 81404 60190 75368 58113 93340 66270 62084 89304 77319 58100 95321 92873 58642 58492 88563 62058 90377 70108 78435 95047 92356 62259 94353 85869 83380 78396 71913 95072 71785 82677 85369 76592 85878 67126 81452 67340 59271 80403 92666 16376 62018 63844 60472 
45049 43052 13534 21137 6417 41253 20454 42284 25550 44098 30186 17474 10335 51793 32762 12020 27406 33708 16718 21776 9430 26288 8398 31844 5711 10730 20898 25106 4553 55028 27301 40501 47183 27929 13865 41155 38757 22045 48010 44947 41450 36992 22340 54380 
7391 33058 47775 32385 99047 12205 46896 20552 6928 37926 26595 51720 23220 38529 11066 15000 26037 35339 41915 50030 34534 26488 53115 2511 98205 98130 53912 36007 37564 26861 51332 38386 18615 
57497 806 
61421 83717 70413 90736 80524 90931 74054 81456 59115 59094 79064 94792 93521 58455 93111 73851 85441 55860 69870 69751 69262 58911 79428 63530 57757 62161 90231 81471 74562 88875 65796 89070 92392 61107 82031 87533 84372 
10159 6056 13423 48042 6126 56045 53240 52254 11946 16585 7487 36847 47153 15252 43363 55343 26646 14459 39247 41684 40961 51899 46985 48121 23803 6137 33619 12331 6530 50813 49946 41255 21474 55820 41428 46109 
16143 55071 27835 7015 22237 17902 7871 23827 28437 39526 40604 26614 13543 20452 30718 46686 38303 11705 42560 25273 10840 20800 30049 48086 28215 53020 7617 39479 37979 32439 13122 9601 25911 41339 20000 49808 48240 3964 36673 14079 47834 32300 30651 16080 29137 22450 25168 6986 27354 12990 43313 25688 96444 
59535 69190 57789 58267 94788 65179 72671 68477 64018 58028 72456 61621 91129 81512 58646 58218 89696 70506 84131 95519 71831 89625 61801 61377 73305 81769 75737 80718 77172 68032 83319 29415 71220 80922 90099 77411 65358 80009 82950 59903 69665 87569 87215 94156 84858 83718 89236 58280 75863 59018 81008 93009 63281 85749 89708 83476 63465 62361 89749 83484 79737 95196 59038 71766 65559 78152 69483 
84643 92059 95202 59631 62981 59449 85027 60457 59414 85034 87588 79865 62773 64192 86383 88557 78945 73140 82158 94321 71318 61366 90490 64940 63202 62557 93060 62004 63674 70742 89579 78727 68638 85636 64960 89694 79009 88794 83211 71411 65199 95334 76371 42525 32569 40915 48775 8335 37722 77241 95761 87291 67462 84141 95215 4420 79202 84735 63685 69744 95579 60662 72386 60487 66128 58954 79555 87272 84403 94932 75537 65608 74385 91180 80471 79073 86481 73233 60657 61391 81410 66203 81543 69899 80893 60728 84882 64549 92771 87814 87777 93532 80960 85745 87608 92396 92350 80674 58235 88824 66201 72279 79166 90086 72633 81004 87327 73688 65132 82725 87819 68564 58975 80908 79875 82132 59798 77691 84529 90541 68102 81750 94145 81852 78269 90363 85517 69692 87084 58873 65087 84649 91720 75611 90523 83948 63613 73123 77256 82717 74530 61710 86197 89450 80064 86101 86228 89203 59348 59082 47378 69173 59818 57934 63209 61703 79496 91933 69918 78783 67559 58283 92351 65427 88387 92630 74459 88238 73350 73971 63729 76427 60756 57975 89099 76832 68321 90082 72850 85669 81506 57760 71247 75309 94911 91598 71573 84347 68499 23834 59519 72896 59803 77856 73997 95129 95392 61146 74153 74598 90834 76309 73832 
72951 68355 68848 78569 93294 65289 77838 89597 93267 93990 84907 64920 95755 85604 68549 88676 63509 72654 63423 83957 81529 89843 87671 79536 68955 89465 68586 61784 71630 92122 88220 95261 59061 76213 80666 82476 86522 
88292 75586 68474 94548 79797 88027 58758 58110 63854 78550 89472 76855 72678 65466 85818 83361 58153 66584 66974 69717 77118 69517 92254 73306 69516 82817 71072 89454 94975 65827 84113 92472 62313 94023 84445 81137 88346 88070 68111 85152 94996 74493 75525 59763 60262 72523 74378 59015 85268 86876 69419 67676 91509 7288 61564 75624 68029 74417 73941 76954 58271 73075 76622 90050 70647 93411 78568 76306 78616 75598 86128 60977 93606 61920 84033 62516 82395 95658 57778 73179 84364 61856 89084 61756 77942 88447 65782 67629 81319 77334 76502 65005 79159 90257 60105 88707 71837 70677 80693 67739 74863 69741 78766 83026 89720 80207 93280 26380 65616 81766 59295 75970 72859 81785 83283 
1640 3668 98606 13975 21774 21741 
67416 92829 84990 63273 83556 80428 71189 63839 71719 8900 5746 34636 15337 78651 67826 
3267 
17023 7593 18297 33477 13592 3545 46116 12006 7296 6861 42826 17832 21905 18273 32116 39824 55331 16254 41836 47174 21654 43360 37195 19838 12921 9288 51821 54842 29919 54170 14874 38640 54262 6890 20741 55958 36309 25040 29938 26799 12519 76294 4206 38522 35304 
41441 5749 23345 44749 50847 43529 27137 20988 72806 85984 59553 82531 59205 27288 53144 92418 70895 26333 68167 22577 69738 87219 94319 
50109 50316 71187 85701 82184 71623 90495 60325 80334 62424 61546 58790 74365 79839 67800 90400 93948 58091 88247 69299 41158 84060 64123 45752 52963 31674 36396 32938 23687 73036 88061 
70181 61470 74247 66730 89461 90454 68388 90080 63124 74477 73463 91050 57799 61883 80158 78948 67885 86385 94374 83097 73577 63394 91744 65855 91980 60758 90926 58238 7426 81231 75803 83371 76522 86690 80948 77038 67052 70801 66391 65303 91482 85323 89006 89253 93073 75156 79789 68010 61680 78272 74586 59138 74089 59404 71723 83912 94412 63695 77308 91160 67913 91396 60372 74978 83263 84037 81617 87334 88302 66250 58371 73855 92712 82964 65693 87100 90275 89451 93358 88070 86073 79616 94996 60536 89244 85209 84169 86997 85615 84398 72523 61601 79039 95733 58373 71577 68472 10576 59166 70001 82456 76263 78125 71550 80552 70841 65201 40979 63582 37123 67109 70258 
25494 20274 19159 46479 48695 22261 80254 26419 40406 8773 14576 86593 43481 32988 84952 95040 
80779 58724 84250 85661 92263 86992 92338 90447 90237 67652 74547 62927 67758 80743 82351 66052 65297 91813 74836 70827 74227 95745 93367 74195 67718 72459 84772 67436 
23686 97929 19544 56071 37116 11314 45171 6933 13917 14890 17383 16582 21131 35154 45735 51771 16168 50318 9637 17334 37199 24632 13973 47036 32140 43047 6913 40837 14473 51423 27897 10218 17529 26975 77604 
40950 61376 85864 88552 64664 59691 41227 63959 67661 31121 46935 7660 31109 46961 24628 8297 51818 31918 84268 82564 44828 46590 53542 72358 76340 39168 13315 20634 55762 43013 12943 30237 7671 5226 80057 
39729 34674 52302 20370 13829 12668 20833 53708 22188 8149 20104 44782 36880 4507 32480 34059 38792 43158 12755 22769 8799 8315 13239 38093 43574 55354 32965 39371 30890 31656 23260 41165 8591 46975 26680 53103 52137 42628 24405 34490 34047 35181 28347 8984 17766 51266 7257 48544 47780 14609 37901 42117 35692 31016 49802 48602 44814 15686 35625 13019 5411 42333 27215 
64860 94233 69561 93268 92612 80614 67034 62403 72998 86923 79037 76590 88766 68691 87316 58679 88802 67222 63496 91857 65254 61884 71155 92292 59602 78124 90000 91753 84292 78961 88471 66214 87883 58272 60629 70280 89275 67904 29699 81266 78369 78953 92469 70793 86178 91270 90485 
81472 79874 70461 68255 93592 60068 62254 75902 66552 66282 64031 80934 75141 85879 93867 85198 83363 74269 89773 80622 85557 61676 94193 69855 58228 74568 59090 81125 69585 59820 61799 91250 82524 60074 95730 73823 90107 63710 70236 86898 92587 71612 73608 95736 70801 91741 67746 61917 78265 67232 76449 74816 73431 90265 70733 67702 57962 74593 61902 69923 77583 61313 84251 84957 88093 64114 93224 83358 75635 76050 90618 78557 67893 73821 66520 74107 91794 69578 73539 87100 72963 89246 84617 63451 64715 60591 92288 82392 68557 65282 85482 74138 91182 69066 81424 87436 74002 64754 79438 
32399 23641 49171 16416 27793 52942 28035 18420 35034 42920 42740 13845 22486 54759 7955 32563 34930 6935 7431 52657 44076 10384 6254 29793 30385 5952 32508 15718 43964 8317 52445 26995 36553 45566 61643 12298 55735 16826 51085 49328 35663 73919 18907 60303 35198 30983 32569 21736 40494 40551 45350 64819 27403 37599 38321 19773 25035 19289 42277 20702 19495 50225 33278 24931 55853 14526 37375 18654 21181 43665 11549 30657 54101 20733 72927 72904 71849 72324 
61047 87424 78320 60485 79154 93993 91258 60124 89192 68830 58212 57775 80145 66278 95457 71825 59925 91987 70234 64697 60754 59784 91604 77851 84207 74524 58886 94610 83769 58454 87757 61475 81196 68583 83638 88124 77238 85119 88972 90704 87646 95507 73103 62686 79619 87784 63806 58068 90592 83091 67228 81182 88308 78638 65599 72890 69906 83763 70236 70758 83574 87190 87202 87433 86093 68226 90265 79863 90060 68637 86578 40684 66041 60975 84121 78212 84232 60133 65890 87592 75306 79866 81297 78462 59053 86080 82345 80796 80675 89239 80357 62577 61008 90599 60375 64271 59937 63823 62932 92549 90249 60777 67940 71340 72083 59981 60438 61192 62360 80643 61578 66394 89372 91017 88175 90951 87437 87477 63186 80865 79069 60978 82067 78808 79732 77957 72575 88143 94220 75837 75878 78349 91365 70811 70517 93547 69137 62997 77477 61266 80817 82197 70675 84983 80685 76350 86142 93995 11475 14904 78052 40766 14055 58737 58339 79141 77676 79384 85102 61685 92868 90066 78854 69309 86916 89417 38656 38102 35230 48329 13187 91938 64211 68969 65989 93682 94290 62792 86749 85899 
44738 48210 51682 16041 19634 10894 50200 53230 51765 54947 18783 27757 23656 34578 28537 9798 20780 40726 22059 54015 77709 74999 65972 65150 78970 72110 
50766 53631 6593 25983 13327 29197 25833 7981 22248 14402 9976 11722 15441 46398 10745 12082 7908 11769 40971 35235 23502 53956 49663 17431 22540 50902 55742 25432 31881 36659 52292 9485 22355 32279 33090 18269 44938 20312 28009 40794 13459 40367 30730 51240 36634 21184 50886 27140 27706 14940 34932 40337 39974 15935 54839 34867 33665 53523 11381 45718 46531 29763 11078 23688 46840 34449 41327 10821 32170 42445 32549 26276 42578 26190 40641 10771 17656 7633 45958 33325 31900 25607 48375 52312 27652 8698 38519 
87735 76944 85018 61804 14648 77759 93553 62995 80447 81093 64030 77239 95483 73006 80365 95463 73861 68052 92559 84491 69726 72798 80251 75264 63911 91528 75258 66942 80681 92996 62674 70384 58003 94137 63629 95194 71984 60741 86924 94089 72854 66977 79625 60288 78966 81018 78627 91601 91522 95318 92319 88547 14136 65817 79871 70303 76857 75134 88376 79383 89627 80714 81498 64421 92015 84721 69439 68337 61227 70861 90628 70786 89357 77285 72932 93097 58334 66960 87587 89215 81375 74804 95664 74010 95740 61017 58783 74204 85511 62114 33006 62712 16795 83257 67253 84464 
69771 94192 63408 83922 79126 77219 78197 91333 74095 88549 
99615 96111 
82740 51288 89699 85295 85107 60880 87199 80479 65750 71511 70046 89525 63422 60768 75601 92461 91907 86442 66238 83271 59288 76932 66698 58243 94254 81181 79234 86808 77638 71873 93946 65374 87692 83851 76636 84331 69125 85077 84090 95522 
14989 55983 10002 39457 53534 48861 45595 6744 12235 30444 5680 21558 35189 53295 26310 18439 21070 19441 46721 27753 9064 19484 20683 17726 31375 12782 13897 41495 6435 41254 20868 8087 49177 14542 36872 20240 12364 22777 14181 51448 46158 12695 9393 13789 25713 51946 10377 13935 8404 30135 43368 40376 18346 17262 44247 5761 14928 23820 11071 5866 24228 42249 12701 41450 25981 14720 53099 35789 8118 13115 18560 52391 55854 
96600 
40442 68414 41509 92123 
78530 84535 93379 86822 77936 88954 85419 60402 64727 69854 68958 85095 74671 81921 63329 93935 63251 84179 95409 70835 71981 75266 74179 75017 83593 95615 61719 63214 92750 81946 74304 58564 80912 60260 74149 70750 95775 89089 70633 81877 94105 84480 80613 59621 62091 79760 58035 77508 83302 73909 83415 81885 91656 69924 72696 78765 85372 58909 72559 75721 67785 90419 27543 80026 67591 94687 72805 95237 88889 65591 76154 68879 73552 78064 61285 86974 87511 71011 92414 86752 91761 78193 72699 85255 60217 84466 63855 76563 78127 91307 94425 91673 78174 69998 71551 62339 72625 85818 72797 81767 38258 71814 67600 58059 66523 91244 89975 70376 88500 68007 88620 83569 78073 77474 82433 76369 69491 59635 87126 69622 81147 59477 76252 75297 80848 82884 91793 65714 72518 61937 81177 78249 69516 86716 72691 90043 86601 84125 67589 93910 93079 84819 88341 95688 63479 58595 63810 89835 61424 82048 60261 64071 75161 94875 70111 92933 67991 95610 83304 66477 86876 69419 58271 76306 69770 93954 61111 94721 78665 86564 68300 90703 58976 72422 83283 79406 79597 62726 93742 62110 95787 88941 88052 81846 63805 65368 82516 82495 70476 77403 61360 72118 70023 77960 72978 71195 86444 59227 65770 85468 72715 89482 58875 84270 64271 82110 73571 76321 92549 89974 60777 93265 62164 80372 77897 86288 79069 63118 74365 66448 67170 68286 70634 68329 71496 81099 67435 58546 87029 
94912 83650 59153 91517 79125 74657 78563 82550 59368 59627 70093 74081 83433 61417 66669 68519 89770 94507 64890 62020 72450 73275 59927 91455 85646 81391 84186 80278 91314 70187 70624 93174 69240 92498 68485 76755 80744 92161 93891 58461 73990 62827 84315 93329 82922 92526 65144 63337 81797 58630 77535 86433 72775 62311 86867 88181 67186 63443 91324 86783 94255 95157 91979 72793 68783 89387 
47757 14559 34434 12939 6921 29835 42724 14102 32625 36343 41107 43086 26049 50300 34170 33069 24015 35827 4906 46877 9395 20249 34358 76295 92059 83440 59449 85034 79865 94775 82158 65801 76690 73101 81836 90173 62877 77921 76363 66359 74094 64666 66971 63989 84586 70922 81905 71914 85195 48360 13186 84052 38661 53664 18013 31947 27998 37599 34277 17617 30720 13765 19517 6160 50642 26801 29757 37810 75502 75506 4446 64995 85358 93982 32434 44671 46289 48784 51458 53609 28134 45530 55371 17662 53789 84141 95489 13606 42384 43586 12676 26325 32503 19136 49571 30555 11528 42512 36292 10436 30206 38428 51293 6033 5240 5768 39231 13904 20271 49517 10151 9444 15364 42148 34501 11669 6042 7873 92260 61146 45405 6156 17779 46009 34924 69125 
22839 49715 38955 25863 45107 53307 17677 16287 49307 17307 32726 27686 53648 8565 49064 44133 39784 23904 17290 49489 52415 44074 53763 34973 27236 44221 38397 23031 18790 5101 47679 50280 70468 84527 88079 93673 
89173 54678 79874 70461 24305 91369 72104 62254 75902 59169 77664 66552 78072 79192 69571 82827 58062 78320 60485 80934 80013 80145 84440 85146 73696 70234 76799 67409 60754 91286 59621 74269 81886 87196 75708 90080 76673 61676 91656 78205 66758 63573 93552 78011 78518 82337 77851 70317 66303 61769 79903 82271 65514 85487 72835 91050 61475 74942 76915 88972 90704 87646 68643 79619 87784 62872 86064 83482 75239 75889 85807 59090 91250 95730 63710 69840 69906 72838 58499 93983 83763 70236 82840 60053 88789 82357 92550 70586 87811 71436 72183 95736 91741 74259 67746 71478 67232 91176 73431 90265 89800 65597 79081 69481 11306 78165 78557 72608 84423 79616 63244 65695 85068 69469 77617 83956 68806 74993 86627 84121 27882 74248 85634 85482 91660 87144 89289 63555 81835 92307 90140 59981 57996 66394 75837 93547 62997 84983 81309 63091 14055 
84016 75989 91821 76745 82328 92512 93403 72288 81083 83672 93785 59707 62514 84744 58505 63169 94213 82061 62252 64886 89170 87263 76554 68580 92690 84946 90585 62892 86272 89051 75128 62640 59442 76879 63291 77991 88721 94828 66268 91868 80726 93999 80730 88270 86445 89485 71681 88952 90081 95245 70820 72911 68623 75778 89829 
50551 29134 20695 20072 49865 23515 55961 46844 31144 53810 45002 13874 48617 29898 51324 40506 53563 16806 13587 45798 6231 49488 
81800 58779 80026 75931 60507 71336 86792 94799 70014 71156 71391 84837 80993 66529 64021 95784 74921 89239 93464 75369 62868 89652 77643 90495 86782 68917 86102 81484 88440 80334 73297 67518 71207 86776 79209 90599 76453 62132 82110 87362 81648 64255 62164 80372 80643 93285 94017 88175 83927 79732 83995 63118 95251 88172 63697 71667 91223 71302 61173 77610 93948 88397 72983 87535 71771 66845 80354 77251 91240 62187 58225 75805 66944 80764 63274 75806 73510 86363 65570 60607 37906 26093 57712 70768 68298 68743 89235 76229 84806 81721 91646 79089 86060 23500 30856 13801 4136 50394 
50113 25166 10497 19505 23932 27342 5344 55749 54726 45416 45143 35045 33911 60601 74945 
94244 68422 77936 60553 73993 93425 79254 79154 79098 63379 72545 64545 76994 80068 80206 68830 74671 63329 62167 72371 74053 91898 78303 70835 78501 64173 87260 94933 61860 77414 77086 82489 82707 79971 60795 67409 57716 94219 85047 64697 74149 91672 62687 81877 79934 90080 63124 78231 80210 78765 85372 76030 72559 75721 77534 90206 67785 90419 58587 71834 23947 60153 79783 80377 83157 70398 78661 85319 60689 82271 72835 77819 63808 73463 91050 60781 65470 72056 76663 94229 40495 80709 85255 80727 79619 70337 63806 58068 67455 79719 83955 83482 66840 64200 92127 61883 81125 77061 67334 86046 64371 67885 86385 70378 82768 94374 90996 73030 94600 63662 76549 89805 58499 60758 81908 95073 62789 66715 81701 86640 71818 58765 82357 68843 64669 82448 89949 80150 83958 94854 74649 89027 93518 77688 73653 86690 10758 86771 68812 64575 78684 76369 81761 64783 86201 77847 94325 82884 67232 63385 79789 68010 26548 82322 65597 90403 86963 75615 79444 84092 72621 94919 82190 71188 86042 66517 95678 77308 68203 66710 60958 70060 60364 62199 28445 91396 90618 75812 79508 75568 78151 66520 74978 70111 83263 83212 67991 73855 82964 93358 79616 60536 89244 84398 95733 26118 52978 35050 72005 91743 94310 72947 72700 63859 79222 81350 95809 90358 83435 72052 41166 74000 77800 16880 81955 86736 58343 84773 93594 84457 80904 71761 82989 77586 90752 65424 83605 85479 66199 81975 80796 85651 69929 85601 82879 60638 6873 94421 79892 68917 74899 85522 73634 91684 63093 61192 62360 86686 66296 60356 71537 87477 69100 63120 87467 66326 91968 72575 88143 94220 89605 93995 69156 81358 57761 80445 28432 25167 22065 
13155 12152 46008 31359 29979 67394 80380 90252 61892 36751 73647 39354 38197 25005 25662 35808 28677 
48638 51141 10828 54890 40690 26132 8616 5957 14395 20942 5316 11961 38589 45695 29086 47762 37185 47443 17944 40271 32647 9600 51114 48806 38174 30202 37931 44127 71043 85808 77183 69462 
31001 23603 5321 7451 91593 27547 29199 70153 40295 81962 50935 6709 6066 90545 54209 49652 21328 43987 18987 46248 28705 
62785 47289 30805 14102 40400 88887 72864 88593 87289 85454 83820 62794 93368 87097 66359 74094 87953 90471 79691 65022 78055 73785 79178 72930 60056 63199 62004 93342 84139 64889 88229 25345 78008 73494 71158 73473 79939 60065 64022 60838 77654 91284 67972 94862 28395 74670 55807 75900 59073 63711 86020 74367 86277 68407 93556 65441 78325 84194 81596 83265 75044 82153 58114 67481 85010 58287 92450 81299 62772 94637 69842 90456 80754 80312 92502 84157 76381 88672 59394 74396 86323 73402 84148 90756 66276 41808 69883 43586 30555 50937 79202 73243 93269 83788 83527 73893 63638 64076 89858 82149 92533 64131 74178 65824 63946 88913 79371 65926 91984 81429 67871 81150 65944 59786 91291 62615 66738 83461 75309 62202 77785 89498 92236 84325 87503 68499 92751 62977 78169 69393 64625 58377 61375 90027 69214 89871 59519 91421 65375 58113 68304 93340 92107 84200 81552 89623 72508 90865 71840 88507 71934 59052 61991 72896 95321 86426 71734 88519 78435 65281 95047 94416 84413 62767 67486 76327 93011 57837 69119 89627 63488 76146 81967 58858 69235 95561 72010 86476 64524 64989 75518 95141 85743 58504 7622 42425 24082 13608 32356 45966 52114 41880 65862 81916 60099 33345 13537 89265 69438 81055 79167 68145 73347 60266 77283 81420 69433 93035 66104 82414 94773 88814 76289 63767 82007 57810 63830 62466 
99479 82544 
29503 72816 30518 38658 9563 41250 28169 42869 20664 33959 24280 18736 41434 27217 29967 54315 35916 54180 10007 12192 21281 12573 18329 48760 47061 34349 52307 4834 37886 5302 15097 83973 
27494 65207 4272 84392 89764 60687 79142 58068 78912 60139 80565 69953 38375 95188 68710 85191 83822 77413 82879 82067 11820 30881 15809 4450 4178 28041 2519 31113 15158 17407 21078 
63609 94457 95403 60566 66774 74797 84658 70979 90046 72777 88084 72237 92292 76314 75789 77487 63724 63781 69360 80707 65223 71844 70813 61354 85565 95508 94260 92276 65449 88377 85058 87417 89615 71373 64730 58330 86664 70970 67239 80526 69551 60946 73669 95454 78410 58099 62980 59806 88242 63405 71783 70161 67896 77105 64406 80539 73662 90285 91680 91957 86494 83103 70338 71669 79995 68609 68097 67281 85103 64226 69431 67861 76257 85588 81049 77215 70252 92961 74325 58048 78746 73383 79471 83174 72802 69261 67868 76080 90387 93344 94437 79904 89201 83615 89577 62177 75020 73588 87254 83449 79188 69440 94601 67070 76360 76096 69154 73558 86744 78639 87994 68633 69695 73104 64645 77882 79560 87949 74717 58939 79518 86920 60134 78287 73343 68331 93476 95843 91441 88480 61222 59003 75588 86617 95829 68342 65828 73390 62327 84785 81246 85153 74596 74912 74376 87617 92519 63016 58369 83496 62756 77093 95628 88373 74319 17553 60343 85988 72824 43622 69239 86866 95330 57793 84949 82602 74189 73627 66464 24642 76910 62444 76940 61207 73822 92851 35186 88795 88336 69675 79413 92963 83799 73162 70294 94662 64122 67449 88055 91020 89233 81427 60003 75477 65875 59247 67968 88585 78558 93626 95134 68405 95623 89797 95387 66844 71103 87985 75948 91162 60175 81133 76236 85667 76226 85910 84171 79287 84260 73283 62471 90560 91354 13755 95668 94324 73779 75457 14545 57866 61778 85236 79279 87146 66076 68137 62875 65659 83295 89710 93761 93343 59648 57835 65210 76210 73389 91052 69573 66435 73324 87941 93170 80520 84541 65139 68256 90919 92103 67502 71949 90479 62559 70968 79591 27077 43722 3623 
87943 59222 72934 65622 70522 62794 73926 92803 70402 90471 58535 63864 93015 76737 61206 81675 66398 87096 60056 92566 68718 61193 65736 68095 93046 80884 72504 62301 87180 85453 71239 93433 74862 91281 75822 85175 87354 64775 61549 91811 93119 85705 79083 89985 67950 65517 87315 90305 82133 74083 64133 69817 57774 49402 15092 82459 91077 62412 77001 95526 61828 73494 80376 63676 83089 70420 68944 94862 94887 25838 80152 87557 54423 39117 84320 93556 65441 76498 62356 77656 92502 62431 85140 88672 74396 35617 29951 14729 17454 21109 19058 60178 63884 80767 73243 64590 93269 76739 93599 82867 64076 87814 89858 58593 86126 63709 69697 63762 70964 76474 67268 77326 64512 84047 68018 88928 94847 82155 86938 60847 75826 81689 59545 93194 91421 92107 62764 77445 85109 86426 78435 93617 85853 95518 57837 63388 83380 86993 65064 90487 88594 81962 84510 7128 67091 76624 66178 64207 69218 86645 67214 85200 67801 85614 66265 87882 74697 74055 92594 89215 77268 21328 75417 61743 80943 70154 95141 59725 86580 74549 69702 72846 85590 68565 64220 91619 77156 95421 67349 63844 71736 74264 78572 95702 79167 65950 63736 89392 61469 58276 71965 86316 75604 
58629 83618 65188 57920 33874 22944 13081 11606 90858 59996 94841 83712 65120 84070 10000 91951 60874 82187 39536 33218 80117 72874 62896 61508 
61530 59314 70643 68474 70312 79511 92674 92455 88027 58102 19403 64546 77936 63379 68830 91670 81946 64697 72696 85372 58587 92106 84005 62437 71429 74524 89303 65525 83992 92414 86741 77170 67334 86385 78638 80838 64601 90996 87071 87690 73436 60508 72797 72838 89805 91980 90717 60758 65163 71004 83361 65028 72354 88789 81483 81074 58765 69990 91490 70376 86690 91969 71717 75110 71366 91092 76972 90851 80848 72538 76331 81184 68010 72691 78674 61313 89430 67630 72111 87901 68075 73855 92472 75968 84423 79616 60536 85343 85615 84398 74378 63451 67676 64715 68472 63234 79977 61564 94795 87402 60977 82395 75380 84364 77942 65351 71088 85497 63476 64961 94972 59406 89407 68156 91512 69334 79392 79868 67739 66799 91812 67837 64105 81468 92394 69822 85327 84433 88047 75331 79390 92348 83988 60476 92665 94907 59224 77800 78932 80901 78766 58087 59216 85482 91660 65893 95455 70239 90619 65352 79608 72422 65616 91002 59295 75970 74138 86926 70999 81539 83283 69776 76121 83805 77676 86889 79384 62411 22864 
72243 79149 83656 65209 74295 84036 65830 72112 79095 76508 80273 58562 74415 58794 88533 83494 73076 91337 65464 93096 67542 87495 95545 76016 84906 59921 88951 85969 32221 68559 48711 11146 53502 43092 15267 8984 10105 30717 37158 55385 6566 43228 34407 54427 26967 74195 39278 17144 38578 36280 22332 43061 9193 29866 29885 24522 55044 17945 91150 62074 88546 67771 80814 79237 77946 35614 66205 95386 86157 79033 71136 70910 87891 
95264 57789 61781 81070 58267 64537 85794 94788 87888 89636 73088 94927 60747 89020 60239 86347 76395 64853 72915 92173 69898 71231 73078 78889 86987 72031 75606 70913 90141 83117 64574 87271 77845 63495 70419 76403 77764 91493 61374 59595 94286 61641 82670 81845 57978 75298 68755 72098 59086 60073 62979 63802 84719 89105 93554 70053 61702 71987 62222 80009 89236 71153 58653 76750 65721 63610 59889 61930 64478 88651 95628 87414 90154 67027 95205 76940 82661 66118 86282 63534 60602 64986 64761 64020 70290 92499 69097 77950 68208 64084 83476 91162 68181 63465 84635 85249 88422 64917 91354 62361 70616 86939 65659 83295 94844 79864 67289 65136 
66361 81032 91990 74216 95182 73870 87184 63078 79289 66193 88564 60081 65576 83640 65527 88243 72024 81691 75392 90647 68155 80910 91556 58908 86598 74638 61654 74674 85293 70592 92645 68253 82169 59277 80550 87086 62536 65059 91638 80930 67016 76795 72962 58521 59230 58051 62224 80780 85582 62295 60694 89968 93713 78825 45644 85439 65224 61294 86115 82294 85758 77872 53726 20055 
59884 65736 70763 86694 78971 83110 68713 81963 71164 74843 72205 84397 63471 66011 76757 67840 89563 76348 62563 88335 86703 70842 95514 81831 76256 73800 61120 63242 89475 89553 94142 70977 93751 89881 91180 73233 70923 87823 73266 89712 88530 80029 74404 68025 72938 66166 58423 72730 79278 71258 75078 60632 93372 93532 73962 62885 72633 81004 87929 72137 81875 67809 94184 84388 75893 69940 75177 70164 80393 71791 93845 83092 69683 92861 94987 84965 79916 94361 67559 58283 68621 79598 87838 62178 69478 94121 74931 63520 92806 84105 57748 92229 71114 71057 86356 69785 76832 84345 94240 79371 81429 90139 82181 62553 85669 81506 68656 57900 75494 65857 87400 94067 59719 84793 82837 95533 64863 87444 81134 93037 67815 79766 93114 63951 95151 81817 93082 59989 94039 81500 72443 64710 85083 58054 91913 83566 68317 82013 71908 64910 82902 74854 59649 65651 77735 
8385 60154 38020 48703 28156 17852 9534 13812 33554 38738 50598 51871 38356 53419 38032 61522 45004 37107 43531 15409 60864 75885 85882 71512 73678 89388 78084 95748 35401 88342 
98743 2664 41581 17937 
9522 42129 28498 32617 16118 38438 46340 16947 11369 56085 37751 20491 6751 27440 7397 45646 26408 21055 53527 40042 15542 41875 55296 55065 50554 11252 10946 23892 36226 32755 27337 18346 43404 38983 30583 52651 28085 29541 37549 23401 
35327 87924 79723 59188 61445 68087 74161 58728 75012 61718 67937 58883 21198 16683 46354 7275 15918 29094 48325 49981 19983 20710 31550 11129 4051 49873 32284 44296 33606 18895 23830 15242 38172 47551 14632 26997 9068 44981 18708 43798 43452 41185 55224 45753 52901 49158 24965 54225 22275 15287 6085 11733 14529 26826 49399 72334 49838 29493 44777 76641 52885 
46491 18275 39877 38091 43169 29066 22416 15914 36500 34946 84850 5118 4272 25556 41556 26681 71338 79442 59900 62225 67014 79643 95369 37133 82391 46786 48789 53017 94472 23140 45212 97233 
57152 2522 949 
30629 19736 14685 47278 26144 45354 33162 16975 11794 17106 5957 53000 40543 53456 18721 9153 61888 66664 71767 80601 38659 30786 15567 5282 12147 29336 23930 9439 83904 75351 84506 27971 20995 72492 
69612 10902 32780 52360 93094 58882 61020 81039 81199 74655 91415 69232 82974 62206 68414 81732 79116 69275 87235 80925 84890 76160 83993 79692 68290 58696 68109 76887 65394 30209 3816 71168 86355 89896 74694 75033 77715 91060 74235 63552 82957 77908 68211 79124 79288 94313 85592 65331 87726 
31442 6163 36496 32729 36903 29056 7265 5592 26688 41017 55812 53621 48676 40677 9426 28109 47310 39485 45374 26774 29883 55085 
55976 29700 13032 12953 5068 33097 29093 46646 48954 33825 37861 35603 54906 43026 14647 35767 13488 28476 21000 31906 20670 40445 38734 20357 11675 40459 39562 10779 45898 44287 32062 49467 21441 55745 34226 5120 49236 23491 44289 46575 23284 31828 20610 45260 49908 43675 48428 30952 11161 48170 38122 26237 48799 
81958 57789 60747 73078 94756 89622 66132 69637 82782 75690 94592 61749 74684 61621 62190 63947 94375 67494 72360 58646 82762 85498 74731 81820 87065 93479 82012 94509 75060 74410 79835 71021 68032 51602 79431 62192 66404 85526 79624 82210 91287 63780 90017 79814 23795 75600 61275 95119 72476 94453 83718 90684 63450 89228 80018 93458 92499 84011 91713 89541 71380 64324 91145 73548 71766 11220 88991 75463 61537 68006 66499 74587 93957 
68206 88062 61813 87197 85407 65433 74834 95300 79666 83634 58715 92485 93442 76658 76781 88314 81626 85473 82307 95716 82870 77956 59579 69488 58603 91608 68134 
54327 10125 14987 39351 49261 52967 21964 20252 6295 37724 43990 14608 5733 35449 39539 51944 41278 44292 49682 51413 42013 12920 22759 21143 41344 22450 35745 49802 54269 7017 6901 33542 40346 37157 53848 8490 2404 49198 25612 36106 27354 43313 17945 31912 31511 43456 
15839 48260 16104 29745 11335 8720 38909 37360 5870 7418 32936 51021 54670 46274 52215 42938 30403 17430 9190 52243 51382 26501 45343 32406 6408 11190 31522 47370 27886 6759 34932 10781 13219 50129 68176 31768 36840 48038 20322 46362 6723 37772 26126 27512 27495 61179 43658 18839 30479 55745 32688 45848 23491 52467 5999 12104 48540 44069 24923 43610 43297 7608 16985 21704 21259 18881 43953 33331 31371 27505 19220 5115 9724 19455 39447 31175 49382 42027 14447 33151 38854 53921 23511 30231 22715 39644 22916 88649 
39021 22954 26784 38956 4417 20346 18255 45252 36063 25041 26781 27865 26648 30356 5474 31353 32850 17552 44058 54575 28860 50996 5261 19017 16279 24029 9589 40930 51923 47729 42604 
58803 76026 89547 89449 90856 73346 67359 85612 83904 68063 75351 64047 73746 61265 82929 87818 73284 74858 74574 88248 86028 66422 74082 92286 27163 74254 59664 
50624 5268 30884 17344 38357 39305 11816 44997 10773 5624 24999 45019 19510 37575 4454 5797 50088 8656 36853 11802 14211 51967 46876 20663 33816 25036 4560 46534 5947 35479 34242 55554 35463 14893 14539 55091 49590 28711 34742 5391 21781 55989 8161 19328 16675 29939 46465 12063 27679 20853 5500 17836 11004 48737 31976 45642 19157 14072 49585 8128 47901 34007 18937 5498 38997 18816 18080 14140 54582 13646 22816 16858 20767 46194 26524 27545 55691 16138 9020 50620 49470 16042 13525 26390 47325 48876 40511 41659 
26064 69855 91166 59826 95246 92021 59431 14111 67696 43198 40684 66705 70344 87446 92144 18868 5920 52759 72899 80031 41740 38102 7459 21014 20880 44310 
2804 6777 11619 46811 50711 46644 52598 16018 98316 12720 45601 29640 
10954 68249 19665 24664 53143 18766 8425 38546 31669 26644 40461 51486 13920 43221 6967 13729 16755 8117 36159 39731 47910 33595 26006 17893 11102 45733 19448 14876 96183 23644 40862 43654 17563 
3698 96258 1940 2945 
43227 36796 95583 7853 47953 16447 28693 32690 93844 88531 6545 20103 50966 20343 14550 
